 *****************************
 *                           *
 *  Output file from ppchem  *
 *                           *
 *****************************
 Species list:
   31
    1   NH3       
    2   O2        
    3   N2        
    4   H2O       
    5   H2        
    6   H         
    7   O         
    8   OH        
    9   H2O2      
   10   HO2       
   11   NO        
   12   N2O       
   13   NO2       
   14   HNO       
   15   HNO2      
   16   HONO      
   17   HONO2     
   18   N2H2      
   19   H2NN      
   20   NH2OH     
   21   HNOH      
   22   N2H4      
   23   N         
   24   NO3       
   25   NH        
   26   NNH       
   27   NH2       
   28   H2NO      
   29   N2H3      
   30   HE        
   31   AR        
 Species data:
  1.0000E+05
    1  1.7031E+01
  9.2995E-01
    2
  2.0000E+02  1.0000E+03    7
  4.1402787E+00
 -3.5848914E-03
  1.8947590E-05
 -1.9883397E-08
  7.1526796E-12
 -6.6854516E+03
 -1.6675488E-02
  1.0000E+03  4.0000E+03    7
  2.3607431E+00
  6.3185015E-03
 -2.2896681E-06
  4.1176741E-10
 -2.9083679E-14
 -6.4159647E+03
  8.0215433E+00
    2  3.1999E+01
  1.1261E+00
    2
  2.0000E+02  1.0000E+03    7
  3.7849826E+00
 -3.0200223E-03
  9.9202917E-06
 -9.7784043E-09
  3.2887770E-12
 -1.0641359E+03
  3.6478071E+00
  1.0000E+03  6.0000E+03    7
  3.6598049E+00
  6.5987737E-04
 -1.4415817E-07
  2.1465604E-11
 -1.3650378E-15
 -1.2160305E+03
  3.4207415E+00
    3  2.8013E+01
  9.3280E-01
    2
  2.0000E+02  1.0000E+03    7
  3.5360352E+00
 -1.5827094E-04
 -4.2698425E-07
  2.3754259E-09
 -1.3970821E-12
 -1.0474965E+03
  2.9460372E+00
  1.0000E+03  6.0000E+03    7
  2.9380297E+00
  1.4183803E-03
 -5.0328104E-07
  8.0755546E-11
 -4.7606428E-15
 -9.1718099E+02
  5.9552198E+00
    4  1.8015E+01
  9.2768E-01
    2
  2.0000E+02  1.0000E+03    7
  4.2014755E+00
 -2.0558355E-03
  6.5654721E-06
 -5.5290696E-09
  1.7828260E-12
 -3.0295007E+04
 -8.6061091E-01
  1.0000E+03  6.0000E+03    7
  2.7311751E+00
  2.9513699E-03
 -8.3535978E-07
  1.2608859E-10
 -8.4053168E-15
 -2.9916908E+04
  6.5518300E+00
    5  2.0159E+00
  3.2209E-01
    2
  2.0000E+02  1.0000E+03    7
  2.3769420E+00
  7.7391692E-03
 -1.8873507E-05
  1.9551711E-08
 -7.1709566E-12
 -9.2117308E+02
  5.4718474E-01
  1.0000E+03  6.0000E+03    7
  2.9020765E+00
  8.6899258E-04
 -1.6586443E-07
  1.9085190E-11
 -9.3112179E-16
 -7.9794873E+02
 -8.4559132E-01
    6  1.0080E+00
  1.9098E-01
    2
  2.0000E+02  1.0000E+03    7
  2.4997592E+00
  6.7382450E-07
  1.1180726E-09
 -3.7019213E-12
  2.1423382E-15
  2.5473767E+04
 -4.4557401E-01
  1.0000E+03  6.0000E+03    7
  2.4998521E+00
  2.3458255E-07
 -1.1617164E-10
  2.2570830E-14
 -1.5299200E-18
  2.5473802E+04
 -4.4586465E-01
    7  1.5999E+01
  7.3564E-01
    2
  2.0000E+02  1.0000E+03    7
  3.1590653E+00
 -3.2151000E-03
  6.4925554E-06
 -5.9875511E-09
  2.0687612E-12
  2.9129845E+04
  2.0907834E+00
  1.0000E+03  6.0000E+03    7
  2.5516009E+00
 -3.8308546E-05
  8.4319748E-10
  4.0126714E-12
 -4.1747657E-16
  2.9228763E+04
  4.8761701E+00
    8  1.7007E+01
  7.4961E-01
    2
  2.0000E+02  1.0000E+03    7
  3.9758517E+00
 -2.2855529E-03
  4.3344288E-06
 -3.5992664E-09
  1.2670693E-12
  3.3934114E+03
 -3.5539726E-02
  1.0000E+03  6.0000E+03    7
  2.8458172E+00
  1.0972382E-03
 -2.8912110E-07
  4.0909991E-11
 -2.3138226E-15
  3.7170661E+03
  5.8033991E+00
    9  3.4015E+01
  1.1409E+00
    2
  2.0000E+02  1.0000E+03    7
  4.2385416E+00
 -2.4961091E-04
  1.5985790E-05
 -2.0691995E-08
  8.2976632E-12
 -1.7648600E+04
  3.5885010E+00
  1.0000E+03  6.0000E+03    7
  4.5401748E+00
  4.1597097E-03
 -1.3087678E-06
  2.0082362E-10
 -1.1550924E-14
 -1.7951403E+04
  8.5588175E-01
   10  3.3007E+01
  1.1335E+00
    2
  2.0000E+02  1.0000E+03    7
  4.2625125E+00
 -4.4564203E-03
  2.0516493E-05
 -2.3579401E-08
  9.0561426E-12
  2.6244236E+02
  3.8822368E+00
  1.0000E+03  6.0000E+03    7
  4.1056401E+00
  2.0404684E-03
 -3.6587756E-07
  1.8597304E-11
  4.9881831E-16
  4.3289877E+01
  3.3080813E+00
   11  3.0006E+01
  1.1547E+00
    2
  2.0000E+02  1.0000E+03    7
  4.2185990E+00
 -4.6398812E-03
  1.1044305E-05
 -9.3405551E-09
  2.8055487E-12
  9.8450996E+03
  2.2806100E+00
  1.0000E+03  6.0000E+03    7
  3.2607123E+00
  1.1910113E-03
 -4.2912265E-07
  6.9448146E-11
 -4.0329568E-15
  9.9214313E+03
  6.3690052E+00
   12  4.4013E+01
  1.4220E+00
    2
  2.0000E+02  1.0000E+03    7
  2.2571502E+00
  1.1304728E-02
 -1.3671319E-05
  9.6819803E-09
 -2.9307182E-12
  8.7417746E+03
  1.0757992E+01
  1.0000E+03  6.0000E+03    7
  4.8230729E+00
  2.6270251E-03
 -9.5850872E-07
  1.6000712E-10
 -9.7752302E-15
  8.0734047E+03
 -2.2017208E+00
   13  4.6005E+01
  1.2888E+00
    2
  2.0000E+02  1.0000E+03    7
  3.9440312E+00
 -1.5854290E-03
  1.6657812E-05
 -2.0475426E-08
  7.8350564E-12
  2.8966180E+03
  6.3119919E+00
  1.0000E+03  6.0000E+03    7
  4.8847540E+00
  2.1723955E-03
 -8.2806909E-07
  1.5747510E-10
 -1.0510895E-14
  2.3164982E+03
 -1.1741695E-01
   14  3.1014E+01
  1.1369E+00
    2
  2.0000E+02  1.0000E+03    7
  4.5352557E+00
 -5.6854338E-03
  1.8519854E-05
 -1.7188122E-08
  5.5581816E-12
  1.1618300E+04
  1.7431589E+00
  1.0000E+03  6.0000E+03    7
  3.1659812E+00
  2.9995889E-03
 -3.9437679E-07
 -3.8534409E-11
  7.0760267E-15
  1.1772631E+04
  7.6451117E+00
   15  4.7013E+01
  1.2937E+00
    2
  2.0000E+02  1.0000E+03    7
  4.0377935E+00
 -4.4612311E-03
  3.1944081E-05
 -3.7935949E-08
  1.4457089E-11
 -6.5308824E+03
  5.9062010E+00
  1.0000E+03  6.0000E+03    7
  4.6635850E+00
  4.8985435E-03
 -1.7969419E-06
  2.9442036E-10
 -1.7823558E-14
 -7.2521633E+03
 -3.0605364E-02
   16  4.7013E+01
  1.2937E+00
    2
  2.0000E+02  1.0000E+03    7
  3.1641644E+00
  8.5051777E-03
  5.4856157E-07
 -8.2765647E-09
  4.3995715E-12
 -1.0774409E+04
  1.0023194E+01
  1.0000E+03  6.0000E+03    7
  5.7914464E+00
  3.6463073E-03
 -1.2911276E-06
  2.0649823E-10
 -1.2213868E-14
 -1.1597434E+04
 -4.0714535E+00
   17  6.3013E+01
  1.4028E+00
    2
  2.0000E+02  1.0000E+03    7
  1.6932915E+00
  1.9016770E-02
 -8.2517670E-06
 -6.0611383E-09
  4.6523698E-12
 -1.7419891E+04
  1.7183984E+01
  1.0000E+03  6.0000E+03    7
  8.0309894E+00
  4.4695859E-03
 -1.7245949E-06
  2.9155615E-10
 -1.8010270E-14
 -1.9313818E+04
 -1.6261654E+01
   18  3.0029E+01
  1.1847E+00
    2
  3.0000E+02  1.3800E+03    7
  2.5558943E+00
  6.5433908E-03
 -8.8194786E-07
 -1.1597130E-09
  3.9744223E-13
  2.4108508E+04
  9.8050471E+00
  1.3800E+03  5.0000E+03    7
  4.1468680E+00
  4.8161231E-03
 -1.6274882E-06
  2.5055610E-10
 -1.4449419E-14
  2.3344406E+04
  5.3412274E-01
   19  3.0029E+01
  1.1847E+00
    2
  2.0000E+02  1.0000E+03    7
  4.5320400E+00
 -7.3241858E-03
  3.0080371E-05
 -3.0400055E-08
  1.0470064E-11
  3.4958000E+04
  1.5107419E+00
  1.0000E+03  6.0000E+03    7
  3.0590367E+00
  6.1838235E-03
 -2.2217116E-06
  3.5853921E-10
 -2.1453291E-14
  3.4853015E+04
  6.6989351E+00
   20  3.3030E+01
  1.1528E+00
    2
  2.0000E+02  1.0000E+03    7
  3.2101609E+00
  6.1967168E-03
  1.1059495E-05
 -1.9666826E-08
  8.8251659E-12
 -6.5814848E+03
  7.9329357E+00
  1.0000E+03  6.0000E+03    7
  3.8811250E+00
  8.1570845E-03
 -2.8261558E-06
  4.3793093E-10
 -2.5272460E-14
 -6.8601842E+03
  3.7915614E+00
   21  3.2022E+01
  1.1450E+00
    2
  2.0000E+02  1.0000E+03    7
  3.9560825E+00
 -3.0261102E-03
  2.5687440E-05
 -3.1564512E-08
  1.2408457E-11
  1.0919979E+04
  5.5595098E+00
  1.0000E+03  6.0000E+03    7
  3.9832193E+00
  4.8884637E-03
 -1.6508664E-06
  2.5537145E-10
 -1.4830856E-14
  1.0578011E+04
  3.6258284E+00
   22  3.2045E+01
  1.4739E+00
    2
  2.0000E+02  1.0000E+03    7
  3.8347215E+00
 -6.4912955E-04
  3.7684846E-05
 -5.0070918E-08
  2.0336206E-11
  1.0089392E+04
  5.7527203E+00
  1.0000E+03  6.0000E+03    7
  4.9395736E+00
  8.7501719E-03
 -2.9939906E-06
  4.6727842E-10
 -2.7306860E-14
  9.2826555E+03
 -2.6943977E+00
   23  1.4007E+01
  8.3110E-01
    2
  2.0000E+02  1.0000E+03    7
  2.5000000E+00
  0.0000000E+00
  0.0000000E+00
  0.0000000E+00
  0.0000000E+00
  5.6104638E+04
  4.1939088E+00
  1.0000E+03  6.0000E+03    7
  2.4159429E+00
  1.7489065E-04
 -1.1902369E-07
  3.0226244E-11
 -2.0360983E-15
  5.6133775E+04
  4.6496095E+00
   24  6.2005E+01
  1.3995E+00
    2
  2.0000E+02  1.0000E+03    7
  2.1735933E+00
  1.0490269E-02
  1.1047267E-05
 -2.8156187E-08
  1.3658396E-11
  7.8129091E+03
  1.4602209E+01
  1.0000E+03  6.0000E+03    7
  7.4834770E+00
  2.5777206E-03
 -1.0094583E-06
  1.7231406E-10
 -1.0715401E-14
  6.1299047E+03
 -1.4161814E+01
   25  1.5015E+01
  6.9786E-01
    2
  2.0000E+02  1.0000E+03    7
  3.4929504E+00
  3.1179572E-04
 -1.4890663E-06
  2.4816740E-09
 -1.0357092E-12
  4.2105972E+04
  1.8483497E+00
  1.0000E+03  6.0000E+03    7
  2.7837264E+00
  1.3298589E-03
 -4.2478557E-07
  7.8349444E-11
 -5.5045131E-15
  4.2346194E+04
  5.7408486E+00
   26  2.9021E+01
  1.1754E+00
    2
  2.0000E+02  1.0000E+03    7
  4.2547463E+00
 -3.4509830E-03
  1.3778870E-05
 -1.3326374E-08
  4.4102340E-12
  2.8793208E+04
  3.2855176E+00
  1.0000E+03  6.0000E+03    7
  3.4274442E+00
  3.2329523E-03
 -1.1729630E-06
  1.9050836E-10
 -1.1449151E-14
  2.8767603E+04
  6.3920923E+00
   27  1.6023E+01
  7.1256E-01
    2
  2.0000E+02  1.0000E+03    7
  4.1919802E+00
 -2.0460283E-03
  6.6775613E-06
 -5.2490724E-09
  1.5558995E-12
  2.1186329E+04
 -9.0478524E-02
  1.0000E+03  3.0000E+03    7
  2.5926305E+00
  3.4768360E-03
 -1.0827162E-06
  1.4934256E-10
 -5.7524119E-15
  2.1573732E+04
  7.9056535E+00
   28  3.2022E+01
  1.1450E+00
    2
  2.0000E+02  1.0000E+03    7
  3.9320114E+00
 -1.6402817E-04
  1.3916141E-05
 -1.6274785E-08
  6.0035283E-12
  6.7117897E+03
  4.5883704E+00
  1.0000E+03  6.0000E+03    7
  3.7555591E+00
  5.1621935E-03
 -1.7638739E-06
  2.7505269E-10
 -1.6064314E-14
  6.5182618E+03
  4.3093305E+00
   29  3.1037E+01
  1.3348E+00
    2
  2.0000E+02  1.0000E+03    7
  3.4212551E+00
  1.3490159E-03
  2.2345907E-05
 -2.9972773E-08
  1.2097897E-11
  2.5819896E+04
  7.8317631E+00
  1.0000E+03  6.0000E+03    7
  4.0448357E+00
  7.3113019E-03
 -2.4762580E-06
  3.8373302E-10
 -2.2310757E-14
  2.5324142E+04
  2.8842339E+00
   30  4.0026E+00
  3.5219E-01
    2
  2.0000E+02  1.0000E+03    7
  2.4997629E+00
  1.0101343E-06
 -8.2457847E-10
 -6.8598331E-13
  7.2475186E-16
 -7.4534092E+02
  9.2980032E-01
  1.0000E+03  6.0000E+03    7
  2.4998561E+00
  2.1936539E-07
 -1.0752509E-10
  2.0719804E-14
 -1.3935861E-18
 -7.4530916E+02
  9.2953501E-01
   31  3.9948E+01
  1.1569E+00
    2
  2.0000E+02  1.0000E+03    7
  2.4998861E+00
  2.1303796E-07
  8.9732077E-10
 -2.3139575E-12
  1.3020139E-15
 -7.4535448E+02
  4.3802437E+00
  1.0000E+03  6.0000E+03    7
  2.4998918E+00
  1.5613484E-07
 -7.7610856E-11
  1.5292808E-14
 -1.0530449E-18
 -7.4532840E+02
  4.3802984E+00
 Step rate data:
  203
    1  4.5770E+16 -1.4000E+00  4.3684E+08
    2  5.0800E+01  2.6700E+00  2.6328E+07
    3  4.3800E+10  0.0000E+00  2.9249E+07
    4  6.1650E+09 -5.0000E-01  0.0000E+00
    5  1.1400E+11  0.0000E+00  6.3961E+07
    6  3.5000E+16 -2.0000E+00  0.0000E+00
    7  6.7000E+04  1.7000E+00  6.2709E+07
    8  4.7140E+12 -1.0000E+00  0.0000E+00
    9  2.0000E+12  9.0000E-01  2.0398E+08
   10  2.4100E+10  0.0000E+00  1.6612E+07
   11  2.1500E+07  1.0000E+00  2.5106E+07
   12  9.5500E+03  2.0000E+00  1.6612E+07
   13  1.7400E+09  0.0000E+00  1.3303E+06
   14  7.5900E+10  0.0000E+00  3.0416E+07
   15  7.0790E+10  0.0000E+00  1.2347E+06
   16  1.1402E+07  1.0800E+00  2.3172E+06
   17  3.2500E+10  0.0000E+00  0.0000E+00
   18  7.0000E+09  0.0000E+00 -4.5736E+06
   19  4.5000E+11  0.0000E+00  4.5733E+07
   20  1.0000E+11  0.0000E+00  4.6199E+07
   21  1.9000E+08  0.0000E+00 -5.8956E+06
   22  4.6500E+09  4.4000E-01  0.0000E+00
   23  1.0000E+10  0.0000E+00  0.0000E+00
   24  3.4970E+30 -5.2200E+00  4.6514E+08
   25  4.0000E+10  0.0000E+00  1.5272E+07
   26  1.9630E+01  2.8500E+00  3.5651E+07
   27  1.5590E+02  2.3700E+00  4.9719E+05
   28  4.4300E-01  3.1800E+00  2.8202E+07
   29  1.1730E-03  3.8400E+00  7.2221E+07
   30  1.4150E+07  1.2800E+00  2.3107E+08
   31  1.5000E+12 -5.5000E-01  3.5011E+06
   32  7.7300E+10 -2.8000E-01  2.7046E+06
   33  7.0000E+09  0.0000E+00  0.0000E+00
   34  3.3000E+05  1.5000E+00  2.1243E+07
   35  9.6000E+03  1.9700E+00  2.8035E+06
   36  2.9000E-05  3.7600E+00  7.6092E+07
   37  2.6000E+08  4.9000E-01  1.2155E+08
   38  1.5660E+10  0.0000E+00  0.0000E+00
   39  1.5000E+12 -5.0000E-01  0.0000E+00
   40  9.6000E+00  2.4600E+00  4.4814E+05
   41  5.7000E-04  3.8800E+00  1.4309E+06
   42  6.2600E+09 -4.0000E-02 -6.7345E+05
   43  5.6340E+10 -4.0000E-02 -6.7345E+05
   44  5.6400E-03  3.5300E+00  2.3014E+06
   45  5.6000E+45 -1.1300E+01  4.9719E+07
   46  1.2000E+09 -3.0000E-02  4.2195E+07
   47  1.2000E+18 -3.0800E+00  1.4093E+07
   48  1.4000E+20 -1.3100E+00  2.6813E+08
   49  4.8000E+05  1.5000E+00  2.6147E+07
   50  2.4000E+05  1.5000E+00  2.1202E+07
   51  3.3000E+05  1.5000E+00  1.6172E+07
   52  1.7000E+05  1.5000E+00  1.2594E+07
   53  1.5000E+01  2.6100E+00 -1.4800E+07
   54  1.5000E+02  2.2800E+00 -5.4225E+06
   55  1.1000E-04  4.0000E+00 -4.0573E+05
   56  9.5000E-03  3.4200E+00 -4.2386E+06
   57  2.9000E-06  4.4000E+00  6.5441E+06
   58  1.5000E-06  4.6000E+00  1.0142E+07
   59  2.9000E+01  2.6900E+00  3.9990E+07
   60  1.4000E+01  2.6900E+00  2.6855E+07
   61  2.0000E+21 -2.8400E+00  2.4660E+08
   62  3.0000E+09  0.0000E+00  1.0461E+08
   63  4.0000E+10  0.0000E+00  0.0000E+00
   64  4.8000E+05  1.5000E+00  1.5814E+06
   65  7.0000E+10  0.0000E+00  0.0000E+00
   66  3.3000E+05  1.5000E+00 -1.4982E+06
   67  2.4000E+03  2.0000E+00 -4.9877E+06
   68  2.9000E+01  2.6900E+00 -6.6946E+06
   69  2.9000E+01  2.6900E+00 -6.6946E+06
   70  1.8000E+03  1.9400E+00 -4.8206E+06
   71  6.7000E+03  1.8200E+00  2.9931E+06
   72  4.6000E+16 -1.9400E+00  8.0648E+06
   73  6.0000E+08  0.0000E+00  8.3682E+06
   74  8.6000E+08  1.1000E-01 -4.9627E+06
   75  2.2000E+08  1.1000E-01 -4.9627E+06
   76  2.6000E+16 -2.3700E+00  3.6400E+06
   77  4.3000E+07  2.9000E-01 -3.6233E+06
   78  3.0100E+10  0.0000E+00  0.0000E+00
   79  3.0000E+10  0.0000E+00  0.0000E+00
   80  2.0000E+10  0.0000E+00  0.0000E+00
   81  2.0000E+06  1.2000E+00  0.0000E+00
   82  4.0500E+08  9.0000E-02  4.4646E+07
   83  2.0100E+12 -1.3800E+00  2.3725E+07
   84  6.4100E+08  5.1000E-01  8.3973E+04
   85  5.3280E+09  3.0000E-02 -1.2109E+07
   86  3.6350E+07  3.6000E-01 -1.1902E+07
   87  4.1000E+09  0.0000E+00  0.0000E+00
   88  5.9000E+09  0.0000E+00  0.0000E+00
   89  2.8300E+10  0.0000E+00  0.0000E+00
   90  9.0270E+06  1.0000E+00  2.7198E+07
   91  4.2800E+10  0.0000E+00  6.5690E+06
   92  5.3000E+39 -8.3500E+00  2.9000E+08
   93  9.6000E+05  1.5000E+00  2.0245E+07
   94  6.7000E+05  1.5000E+00  1.1931E+07
   95  8.4900E+10  0.0000E+00  5.0209E+06
   96  1.3000E+10  0.0000E+00 -1.3303E+06
   97  3.7000E+03  1.9400E+00  6.8201E+06
   98  6.0000E-02  3.1600E+00  1.2906E+08
   99  8.2000E-02  3.1300E+00  3.7073E+07
  100  2.4000E-05  4.1400E+00  3.3248E+07
  101  3.6000E+47 -1.0380E+01  2.8861E+08
  102  2.4000E+05  1.5000E+00  0.0000E+00
  103  3.0000E+10  0.0000E+00  0.0000E+00
  104  1.7000E+05  1.5000E+00 -2.7013E+06
  105  1.2000E+03  2.0000E+00 -4.9860E+06
  106  3.0000E+10  0.0000E+00  0.0000E+00
  107  9.2000E+02  1.9400E+00 -4.8222E+06
  108  3.0000E+10  0.0000E+00  0.0000E+00
  109  1.4000E+01  2.6900E+00 -6.6929E+06
  110  9.2000E+02  1.9400E+00  8.8962E+06
  111  1.8000E+40 -8.4100E+00  3.0693E+08
  112  2.6000E+40 -8.5300E+00  3.0498E+08
  113  4.1210E+06  1.2900E+00 -9.3784E+05
  114  3.3000E+05  1.5000E+00  2.0777E+06
  115  5.9230E-02  3.4000E+00 -5.7060E+06
  116  4.0000E+09  0.0000E+00  4.9860E+07
  117  2.4000E+03  2.0000E+00 -4.9860E+06
  118  8.8000E-05  4.0500E+00 -6.7370E+06
  119  2.0000E+41 -9.3800E+00  2.8642E+08
  120  9.6000E+35 -7.5700E+00  2.2947E+08
  121  3.2000E+31 -6.2200E+00  2.1891E+08
  122  1.5000E+09  0.0000E+00  2.4943E+07
  123  1.8000E+07  9.7000E-01  1.8707E+07
  124  4.8000E+05  1.5000E+00 -3.7414E+06
  125  3.2000E+06  1.0300E+00  1.1307E+07
  126  3.3000E+05  1.5000E+00 -3.7414E+06
  127  2.4000E+03  2.0000E+00 -4.9885E+06
  128  1.8000E+03  1.9400E+00 -4.8222E+06
  129  2.9000E+01  2.6900E+00 -6.6929E+06
  130  1.0000E+09  0.0000E+00  0.0000E+00
  131  2.4000E+05  1.5000E+00 -3.7397E+06
  132  1.9000E+11 -2.7000E-01 -9.2288E+04
  133  5.2000E+08  3.9000E-01 -1.7111E+06
  134  1.2000E+10  1.4000E-01 -9.0791E+05
  135  5.0000E+10  0.0000E+00  0.0000E+00
  136  5.6000E+11 -3.9000E-01 -5.4042E+04
  137  9.2000E+02  1.9400E+00 -4.8197E+06
  138  1.4000E+01  2.6900E+00 -6.6929E+06
  139  5.0000E+10  0.0000E+00  0.0000E+00
  140  2.1100E+09  0.0000E+00 -2.0087E+06
  141  1.3000E+12 -7.5000E-01  0.0000E+00
  142  3.0900E+20 -4.1700E+00  6.7827E+06
  143  1.8259E+20 -3.0100E+00  2.0034E+08
  144  9.6800E+08  6.2000E-01  1.5065E+06
  145  2.2900E+10  0.0000E+00  0.0000E+00
  146  1.4800E+00  2.7200E+00  1.9055E+07
  147  6.3000E+07  3.9000E-01  1.5825E+07
  148  2.0000E+10  0.0000E+00  6.2329E+07
  149  3.6700E+04  1.6300E+00 -5.2305E+06
  150  8.5100E+09  0.0000E+00  1.2390E+08
  151  4.4200E+01  2.6400E+00  1.6911E+07
  152  6.0300E+08  0.0000E+00  8.3267E+06
  153  8.4300E+05  0.0000E+00  1.2971E+07
  154  2.0000E+00  2.3600E+00  3.7575E+07
  155  1.8900E+00  2.8300E+00  5.9530E+06
  156  2.3300E+01  2.7700E+00 -8.4605E+06
  157  4.3000E+06  9.8000E-01  1.7030E+07
  158  1.2100E+10  0.0000E+00  2.4938E+07
  159  1.7000E+09  0.0000E+00 -2.1758E+06
  160  1.0000E+10  0.0000E+00  0.0000E+00
  161  3.1700E-01  2.8300E+00 -1.4938E+07
  162  3.4900E-04  3.6400E+00  5.0791E+07
  163  1.3000E+27 -4.9900E+00  1.8403E+08
  164  2.8000E+21 -2.8300E+00  2.7187E+08
  165  4.8000E+05  1.5000E+00  6.5266E+06
  166  4.0000E+10  0.0000E+00  0.0000E+00
  167  3.3000E+05  1.5000E+00  2.0370E+06
  168  2.4000E+03  2.0000E+00  4.9885E+06
  169  2.0000E+01  2.0000E+00  5.4396E+07
  170  6.0000E+08  0.0000E+00  8.3682E+06
  171  1.8000E+03  1.9400E+00 -2.4269E+06
  172  2.3000E-01  2.9900E+00  6.9041E+07
  173  3.3600E+02  2.0000E+00 -6.0004E+06
  174  6.6100E+10  0.0000E+00  0.0000E+00
  175  1.0240E+10  0.0000E+00  0.0000E+00
  176  1.4000E+10  0.0000E+00  0.0000E+00
  177  1.5100E+09  0.0000E+00  0.0000E+00
  178  5.7300E+07  0.0000E+00  1.1716E+07
  179  2.5000E+06  0.0000E+00  5.0713E+07
  180  5.1200E+08  0.0000E+00  2.0377E+07
  181  8.8500E+10  0.0000E+00  0.0000E+00
  182  3.9200E+09  0.0000E+00 -9.9604E+05
  183  3.5000E+09  2.4000E-01  0.0000E+00
  184  1.9000E-03  3.3200E+00  1.2737E+07
  185  1.9000E-02  3.2600E+00  2.0850E+07
  186  1.6300E+09  0.0000E+00  1.0892E+08
  187  1.0000E+10  0.0000E+00  1.0795E+08
  188  9.9000E+10  0.0000E+00  2.4227E+08
  189  2.5300E+07  0.0000E+00  1.9039E+07
  190  5.0000E+11  0.0000E+00  7.5736E+07
  191  6.6200E+10  0.0000E+00  1.1143E+08
  192  1.0200E+11  0.0000E+00  1.1724E+08
  193  1.0000E-05  4.7200E+00  1.5298E+08
  194  5.2500E+02  2.2300E+00  1.9373E+08
  195  1.7000E+05  1.5000E+00  9.8972E+06
  196  1.2000E+03  2.0000E+00 -3.3257E+06
  197  1.5600E+30 -6.4700E+00  1.8562E+08
  198  2.8000E+07  0.0000E+00 -2.4101E+07
  199  3.3800E+06  1.0700E+00  2.3286E+07
  200  3.6500E+04  1.7800E+00  2.3306E+07
  201  1.4300E+15 -3.0300E+00  1.6315E+07
  202  3.0000E+10  0.0000E+00  0.0000E+00
  203  9.0400E+06  0.0000E+00 -5.1889E+06
 Step species-list:
    1    2
    1    1       5
    1    2       6
    2    4
    2    1       5
    2    2       6
    2    3       7
    2    4       8
    3    4
    3    1       4
    3    2       5
    3    3       6
    3    4       8
    4    2
    4    1       2
    4    2       7
    5    4
    5    1       2
    5    2       6
    5    3       7
    5    4       8
    6    3
    6    1       4
    6    2       6
    6    3       8
    7    3
    7    1       4
    7    2       7
    7    3       8
    8    3
    8    1       6
    8    2       7
    8    3       8
    9    2
    9    1       8
    9    2       9
   10    4
   10    1       4
   10    2       6
   10    3       8
   10    4       9
   11    4
   11    1       5
   11    2       6
   11    3       9
   11    4      10
   12    4
   12    1       7
   12    2       8
   12    3       9
   12    4      10
   13    4
   13    1       4
   13    2       8
   13    3       9
   13    4      10
   14    4
   14    1       4
   14    2       8
   14    3       9
   14    4      10
   15    3
   15    1       6
   15    2       8
   15    3      10
   16    4
   16    1       2
   16    2       5
   16    3       6
   16    4      10
   17    4
   17    1       2
   17    2       7
   17    3       8
   17    4      10
   18    4
   18    1       2
   18    2       4
   18    3       8
   18    4      10
   19    4
   19    1       2
   19    2       4
   19    3       8
   19    4      10
   20    3
   20    1       2
   20    2       9
   20    3      10
   21    3
   21    1       2
   21    2       9
   21    3      10
   22    3
   22    1       2
   22    2       6
   22    3      10
   23    3
   23    1       7
   23    2       8
   23    3      10
   24    3
   24    1       1
   24    2       6
   24    3      27
   25    4
   25    1       5
   25    2       6
   25    3      25
   25    4      27
   26    4
   26    1       1
   26    2       5
   26    3       6
   26    4      27
   27    4
   27    1       1
   27    2       4
   27    3       8
   27    4      27
   28    4
   28    1       1
   28    2       7
   28    3       8
   28    4      27
   29    4
   29    1       1
   29    2       9
   29    3      10
   29    4      27
   30    4
   30    1       1
   30    2       2
   30    3      10
   30    4      27
   31    4
   31    1       6
   31    2       7
   31    3      14
   31    4      27
   32    4
   32    1       6
   32    2       7
   32    3      14
   32    4      27
   33    4
   33    1       7
   33    2       8
   33    3      25
   33    4      27
   34    4
   34    1       7
   34    2       8
   34    3      25
   34    4      27
   35    4
   35    1       4
   35    2       8
   35    3      25
   35    4      27
   36    4
   36    1       2
   36    2       8
   36    3      14
   36    4      27
   37    4
   37    1       2
   37    2       7
   37    3      27
   37    4      28
   38    4
   38    1       8
   38    2      10
   38    3      27
   38    4      28
   39    4
   39    1       6
   39    2      18
   39    3      25
   39    4      27
   40    4
   40    1       1
   40    2      23
   40    3      25
   40    4      27
   41    3
   41    1      23
   41    2      25
   41    3      27
   42    3
   42    1       3
   42    2       5
   42    3      25
   43    3
   43    1       3
   43    2       6
   43    3      25
   44    3
   44    1       1
   44    2      25
   44    3      27
   45    2
   45    1      22
   45    2      27
   46    3
   46    1       6
   46    2      27
   46    3      29
   47    3
   47    1       5
   47    2      19
   47    3      27
   48    3
   48    1       8
   48    2      20
   48    3      27
   49    4
   49    1       5
   49    2       6
   49    3      20
   49    4      21
   50    4
   50    1       5
   50    2       6
   50    3      20
   50    4      28
   51    4
   51    1       7
   51    2       8
   51    3      20
   51    4      21
   52    4
   52    1       7
   52    2       8
   52    3      20
   52    4      28
   53    4
   53    1       4
   53    2       8
   53    3      20
   53    4      21
   54    4
   54    1       4
   54    2       8
   54    3      20
   54    4      28
   55    4
   55    1       1
   55    2      20
   55    3      21
   55    4      27
   56    4
   56    1       1
   56    2      20
   56    3      27
   56    4      28
   57    4
   57    1      20
   57    2      21
   57    3      25
   57    4      27
   58    4
   58    1      20
   58    2      25
   58    3      27
   58    4      28
   59    4
   59    1       9
   59    2      10
   59    3      20
   59    4      21
   60    4
   60    1       9
   60    2      10
   60    3      20
   60    4      28
   61    3
   61    1       6
   61    2      14
   61    3      21
   62    4
   62    1       2
   62    2      10
   62    3      14
   62    4      21
   63    4
   63    1       6
   63    2       8
   63    3      21
   63    4      27
   64    4
   64    1       5
   64    2       6
   64    3      14
   64    4      21
   65    4
   65    1       7
   65    2       8
   65    3      14
   65    4      21
   66    4
   66    1       7
   66    2       8
   66    3      14
   66    4      21
   67    4
   67    1       4
   67    2       8
   67    3      14
   67    4      21
   68    4
   68    1       9
   68    2      10
   68    3      14
   68    4      21
   69    4
   69    1       2
   69    2      10
   69    3      20
   69    4      21
   70    4
   70    1       1
   70    2      14
   70    3      21
   70    4      27
   71    4
   71    1       8
   71    2      21
   71    3      27
   71    4      29
   72    4
   72    1       4
   72    2      19
   72    3      21
   72    4      27
   73    4
   73    1      13
   73    2      14
   73    3      16
   73    4      21
   74    4
   74    1      11
   74    2      13
   74    3      27
   74    4      28
   75    4
   75    1       4
   75    2      12
   75    3      13
   75    4      27
   76    4
   76    1       3
   76    2       4
   76    3      11
   76    4      27
   77    4
   77    1       8
   77    2      11
   77    3      26
   77    4      27
   78    4
   78    1       5
   78    2       6
   78    3      23
   78    4      25
   79    4
   79    1       6
   79    2       7
   79    3      11
   79    4      25
   80    4
   80    1       6
   80    2       8
   80    3      14
   80    4      25
   81    4
   81    1       4
   81    2       8
   81    3      23
   81    4      25
   82    4
   82    1       2
   82    2       7
   82    3      14
   82    4      25
   83    4
   83    1       2
   83    2       8
   83    3      11
   83    4      25
   84    4
   84    1       3
   84    2       6
   84    3      23
   84    4      25
   85    4
   85    1       6
   85    2      11
   85    3      12
   85    4      25
   86    4
   86    1       3
   86    2       8
   86    3      11
   86    4      25
   87    4
   87    1       8
   87    2      12
   87    3      13
   87    4      25
   88    4
   88    1      11
   88    2      13
   88    3      14
   88    4      25
   89    4
   89    1       6
   89    2       8
   89    3      11
   89    4      23
   90    4
   90    1       2
   90    2       7
   90    3      11
   90    4      23
   91    4
   91    1       3
   91    2       7
   91    3      11
   91    4      23
   92    3
   92    1       5
   92    2      19
   92    3      22
   93    4
   93    1       5
   93    2       6
   93    3      22
   93    4      29
   94    4
   94    1       7
   94    2       8
   94    3      22
   94    4      29
   95    4
   95    1       4
   95    2       7
   95    3      18
   95    4      22
   96    4
   96    1       4
   96    2       8
   96    3      22
   96    4      29
   97    4
   97    1       1
   97    2      22
   97    3      27
   97    4      29
   98    4
   98    1      11
   98    2      14
   98    3      22
   98    4      29
   99    4
   99    1      13
   99    2      16
   99    3      22
   99    4      29
  100    4
  100    1      13
  100    2      15
  100    3      22
  100    4      29
  101    3
  101    1       6
  101    2      18
  101    3      29
  102    4
  102    1       5
  102    2       6
  102    3      18
  102    4      29
  103    4
  103    1       7
  103    2      14
  103    3      27
  103    4      29
  104    4
  104    1       7
  104    2       8
  104    3      18
  104    4      29
  105    4
  105    1       4
  105    2       8
  105    3      18
  105    4      29
  106    4
  106    1       4
  106    2       8
  106    3      19
  106    4      29
  107    4
  107    1       1
  107    2      18
  107    3      27
  107    4      29
  108    4
  108    1       1
  108    2      19
  108    3      27
  108    4      29
  109    4
  109    1       9
  109    2      10
  109    3      18
  109    4      29
  110    4
  110    1       2
  110    2      10
  110    3      22
  110    4      29
  111    3
  111    1       6
  111    2      18
  111    3      26
  112    3
  112    1       6
  112    2      18
  112    3      26
  113    4
  113    1       5
  113    2       6
  113    3      18
  113    4      26
  114    4
  114    1       7
  114    2       8
  114    3      18
  114    4      26
  115    4
  115    1       4
  115    2       8
  115    3      18
  115    4      26
  116    4
  116    1      11
  116    2      12
  116    3      18
  116    4      27
  117    4
  117    1      18
  117    2      25
  117    3      26
  117    4      27
  118    4
  118    1       1
  118    2      18
  118    3      26
  118    4      27
  119    2
  119    1      18
  119    2      19
  120    3
  120    1       6
  120    2      19
  120    3      26
  121    3
  121    1       6
  121    2      19
  121    3      26
  122    4
  122    1       2
  122    2      13
  122    3      19
  122    4      27
  123    3
  123    1       6
  123    2      18
  123    3      19
  124    4
  124    1       5
  124    2       6
  124    3      19
  124    4      26
  125    4
  125    1       7
  125    2      11
  125    3      19
  125    4      27
  126    4
  126    1       7
  126    2       8
  126    3      19
  126    4      26
  127    4
  127    1       4
  127    2       8
  127    3      19
  127    4      26
  128    4
  128    1       1
  128    2      19
  128    3      26
  128    4      27
  129    4
  129    1       9
  129    2      10
  129    3      19
  129    4      26
  130    3
  130    1       3
  130    2       6
  130    3      26
  131    4
  131    1       3
  131    2       5
  131    3       6
  131    4      26
  132    4
  132    1       6
  132    2       7
  132    3      12
  132    4      26
  133    4
  133    1       7
  133    2      11
  133    3      25
  133    4      26
  134    4
  134    1       3
  134    2       7
  134    3       8
  134    4      26
  135    4
  135    1       3
  135    2       4
  135    3       8
  135    4      26
  136    4
  136    1       2
  136    2       3
  136    3      10
  136    4      26
  137    4
  137    1       1
  137    2       3
  137    3      26
  137    4      27
  138    4
  138    1       3
  138    2       9
  138    3      10
  138    4      26
  139    4
  139    1       3
  139    2      11
  139    3      14
  139    4      26
  140    4
  140    1       8
  140    2      10
  140    3      11
  140    4      13
  141    3
  141    1       7
  141    2      11
  141    3      13
  142    3
  142    1       8
  142    2      11
  142    3      16
  143    3
  143    1       6
  143    2      11
  143    3      14
  144    4
  144    1       5
  144    2       6
  144    3      11
  144    4      14
  145    4
  145    1       7
  145    2       8
  145    3      11
  145    4      14
  146    4
  146    1       6
  146    2       8
  146    3      14
  146    4      16
  147    4
  147    1       4
  147    2       8
  147    3      11
  147    4      14
  148    4
  148    1       2
  148    2      10
  148    3      11
  148    4      14
  149    4
  149    1       1
  149    2      11
  149    3      14
  149    4      27
  150    4
  150    1       8
  150    2      11
  150    3      12
  150    4      14
  151    4
  151    1      11
  151    2      13
  151    3      14
  151    4      16
  152    4
  152    1      11
  152    2      13
  152    3      14
  152    4      15
  153    3
  153    1       4
  153    2      12
  153    3      14
  154    4
  154    1       8
  154    2      10
  154    3      14
  154    4      15
  155    4
  155    1       5
  155    2       6
  155    3      13
  155    4      16
  156    4
  156    1       5
  156    2       6
  156    3      13
  156    4      15
  157    4
  157    1       4
  157    2       6
  157    3      11
  157    4      16
  158    4
  158    1       7
  158    2       8
  158    3      13
  158    4      16
  159    4
  159    1       4
  159    2       8
  159    3      13
  159    4      16
  160    4
  160    1      13
  160    2      16
  160    3      25
  160    4      27
  161    4
  161    1       1
  161    2      13
  161    3      16
  161    4      27
  162    4
  162    1       4
  162    2      11
  162    3      13
  162    4      16
  163    2
  163    1      21
  163    2      28
  164    3
  164    1       6
  164    2      14
  164    3      28
  165    4
  165    1       5
  165    2       6
  165    3      14
  165    4      28
  166    4
  166    1       6
  166    2       8
  166    3      27
  166    4      28
  167    4
  167    1       7
  167    2       8
  167    3      14
  167    4      28
  168    4
  168    1       4
  168    2       8
  168    3      14
  168    4      28
  169    3
  169    1      11
  169    2      14
  169    3      28
  170    4
  170    1      13
  170    2      14
  170    3      16
  170    4      28
  171    4
  171    1       1
  171    2      14
  171    3      27
  171    4      28
  172    4
  172    1       2
  172    2      10
  172    3      14
  172    4      28
  173    4
  173    1       9
  173    2      10
  173    3      14
  173    4      28
  174    4
  174    1       6
  174    2       8
  174    3      13
  174    4      24
  175    4
  175    1       2
  175    2       7
  175    3      13
  175    4      24
  176    4
  176    1       8
  176    2      10
  176    3      13
  176    4      24
  177    5
  177    1       2
  177    2       8
  177    3      10
  177    4      13
  177    5      24
  178    4
  178    1       2
  178    2      11
  178    3      13
  178    4      24
  179    3
  179    1       2
  179    2      11
  179    3      24
  180    3
  180    1       2
  180    2      13
  180    3      24
  181    4
  181    1       6
  181    2       8
  181    3      11
  181    4      13
  182    4
  182    1       2
  182    2       7
  182    3      11
  182    4      13
  183    3
  183    1       7
  183    2      13
  183    3      24
  184    4
  184    1       2
  184    2      10
  184    3      13
  184    4      16
  185    4
  185    1       2
  185    2      10
  185    3      13
  185    4      15
  186    3
  186    1       2
  186    2      11
  186    3      13
  187    3
  187    1      11
  187    2      13
  187    3      24
  188    3
  188    1       3
  188    2       7
  188    3      12
  189    4
  189    1       3
  189    2       6
  189    3       8
  189    4      12
  190    4
  190    1       3
  190    2       6
  190    3       8
  190    4      12
  191    3
  191    1       7
  191    2      11
  191    3      12
  192    4
  192    1       2
  192    2       3
  192    3       7
  192    4      12
  193    4
  193    1       3
  193    2       8
  193    3      10
  193    4      12
  194    4
  194    1       3
  194    2      11
  194    3      12
  194    4      13
  195    4
  195    1       7
  195    2       8
  195    3      13
  195    4      15
  196    4
  196    1       4
  196    2       8
  196    3      13
  196    4      15
  197    2
  197    1      15
  197    2      16
  198    4
  198    1       1
  198    2      13
  198    3      15
  198    4      27
  199    4
  199    1       4
  199    2       6
  199    3      11
  199    4      15
  200    4
  200    1       6
  200    2       8
  200    3      14
  200    4      15
  201    3
  201    1       8
  201    2      11
  201    3      15
  202    3
  202    1       8
  202    2      13
  202    3      17
  203    4
  203    1       4
  203    2       8
  203    3      17
  203    4      24
 Step reactant-list:
    1    1
    1    1       5
    2    2
    2    1       5
    2    2       7
    3    2
    3    1       5
    3    2       8
    4    2
    4    1       7
    4    2       7
    5    2
    5    1       2
    5    2       6
    6    2
    6    1       6
    6    2       8
    7    2
    7    1       4
    7    2       7
    8    2
    8    1       6
    8    2       7
    9    1
    9    1       9
   10    2
   10    1       6
   10    2       9
   11    2
   11    1       6
   11    2       9
   12    2
   12    1       7
   12    2       9
   13    2
   13    1       8
   13    2       9
   14    2
   14    1       8
   14    2       9
   15    2
   15    1       6
   15    2      10
   16    2
   16    1       6
   16    2      10
   17    2
   17    1       7
   17    2      10
   18    2
   18    1       8
   18    2      10
   19    2
   19    1       8
   19    2      10
   20    2
   20    1      10
   20    2      10
   21    2
   21    1      10
   21    2      10
   22    2
   22    1       2
   22    2       6
   23    2
   23    1       7
   23    2       8
   24    1
   24    1       1
   25    2
   25    1       6
   25    2      27
   26    2
   26    1       1
   26    2       6
   27    2
   27    1       1
   27    2       8
   28    2
   28    1       1
   28    2       7
   29    2
   29    1       1
   29    2      10
   30    2
   30    1       1
   30    2       2
   31    2
   31    1       7
   31    2      27
   32    2
   32    1       7
   32    2      27
   33    2
   33    1       7
   33    2      27
   34    2
   34    1       7
   34    2      27
   35    2
   35    1       8
   35    2      27
   36    2
   36    1       2
   36    2      27
   37    2
   37    1       2
   37    2      27
   38    2
   38    1      10
   38    2      27
   39    2
   39    1      25
   39    2      27
   40    2
   40    1      25
   40    2      27
   41    2
   41    1      25
   41    2      25
   42    2
   42    1      25
   42    2      25
   43    2
   43    1      25
   43    2      25
   44    2
   44    1      27
   44    2      27
   45    2
   45    1      27
   45    2      27
   46    2
   46    1      27
   46    2      27
   47    2
   47    1      27
   47    2      27
   48    1
   48    1      20
   49    2
   49    1       6
   49    2      20
   50    2
   50    1       6
   50    2      20
   51    2
   51    1       7
   51    2      20
   52    2
   52    1       7
   52    2      20
   53    2
   53    1       8
   53    2      20
   54    2
   54    1       8
   54    2      20
   55    2
   55    1      20
   55    2      27
   56    2
   56    1      20
   56    2      27
   57    2
   57    1      20
   57    2      25
   58    2
   58    1      20
   58    2      25
   59    2
   59    1      10
   59    2      20
   60    2
   60    1      10
   60    2      20
   61    1
   61    1      21
   62    2
   62    1       2
   62    2      21
   63    2
   63    1       6
   63    2      21
   64    2
   64    1       6
   64    2      21
   65    2
   65    1       7
   65    2      21
   66    2
   66    1       7
   66    2      21
   67    2
   67    1       8
   67    2      21
   68    2
   68    1      10
   68    2      21
   69    2
   69    1      10
   69    2      21
   70    2
   70    1      21
   70    2      27
   71    2
   71    1      21
   71    2      27
   72    2
   72    1      21
   72    2      27
   73    2
   73    1      13
   73    2      21
   74    2
   74    1      13
   74    2      27
   75    2
   75    1      13
   75    2      27
   76    2
   76    1      11
   76    2      27
   77    2
   77    1      11
   77    2      27
   78    2
   78    1       6
   78    2      25
   79    2
   79    1       7
   79    2      25
   80    2
   80    1       8
   80    2      25
   81    2
   81    1       8
   81    2      25
   82    2
   82    1       2
   82    2      25
   83    2
   83    1       2
   83    2      25
   84    2
   84    1      23
   84    2      25
   85    2
   85    1      11
   85    2      25
   86    2
   86    1      11
   86    2      25
   87    2
   87    1      13
   87    2      25
   88    2
   88    1      13
   88    2      25
   89    2
   89    1       8
   89    2      23
   90    2
   90    1       2
   90    2      23
   91    2
   91    1      11
   91    2      23
   92    1
   92    1      22
   93    2
   93    1       6
   93    2      22
   94    2
   94    1       7
   94    2      22
   95    2
   95    1       7
   95    2      22
   96    2
   96    1       8
   96    2      22
   97    2
   97    1      22
   97    2      27
   98    2
   98    1      11
   98    2      22
   99    2
   99    1      13
   99    2      22
  100    2
  100    1      13
  100    2      22
  101    1
  101    1      29
  102    2
  102    1       6
  102    2      29
  103    2
  103    1       7
  103    2      29
  104    2
  104    1       7
  104    2      29
  105    2
  105    1       8
  105    2      29
  106    2
  106    1       8
  106    2      29
  107    2
  107    1      27
  107    2      29
  108    2
  108    1      27
  108    2      29
  109    2
  109    1      10
  109    2      29
  110    2
  110    1      10
  110    2      29
  111    1
  111    1      18
  112    1
  112    1      18
  113    2
  113    1       6
  113    2      18
  114    2
  114    1       7
  114    2      18
  115    2
  115    1       8
  115    2      18
  116    2
  116    1      11
  116    2      18
  117    2
  117    1      18
  117    2      25
  118    2
  118    1      18
  118    2      27
  119    1
  119    1      18
  120    1
  120    1      19
  121    1
  121    1      19
  122    2
  122    1       2
  122    2      19
  123    2
  123    1       6
  123    2      19
  124    2
  124    1       6
  124    2      19
  125    2
  125    1       7
  125    2      19
  126    2
  126    1       7
  126    2      19
  127    2
  127    1       8
  127    2      19
  128    2
  128    1      19
  128    2      27
  129    2
  129    1      10
  129    2      19
  130    1
  130    1      26
  131    2
  131    1       6
  131    2      26
  132    2
  132    1       7
  132    2      26
  133    2
  133    1       7
  133    2      26
  134    2
  134    1       7
  134    2      26
  135    2
  135    1       8
  135    2      26
  136    2
  136    1       2
  136    2      26
  137    2
  137    1      26
  137    2      27
  138    2
  138    1      10
  138    2      26
  139    2
  139    1      11
  139    2      26
  140    2
  140    1      10
  140    2      11
  141    2
  141    1       7
  141    2      11
  142    2
  142    1       8
  142    2      11
  143    1
  143    1      14
  144    2
  144    1       6
  144    2      14
  145    2
  145    1       7
  145    2      14
  146    2
  146    1       8
  146    2      14
  147    2
  147    1       8
  147    2      14
  148    2
  148    1       2
  148    2      14
  149    2
  149    1      14
  149    2      27
  150    2
  150    1      11
  150    2      14
  151    2
  151    1      13
  151    2      14
  152    2
  152    1      13
  152    2      14
  153    2
  153    1      14
  153    2      14
  154    2
  154    1      10
  154    2      14
  155    2
  155    1       6
  155    2      16
  156    2
  156    1       6
  156    2      15
  157    2
  157    1       6
  157    2      16
  158    2
  158    1       7
  158    2      16
  159    2
  159    1       8
  159    2      16
  160    2
  160    1      16
  160    2      25
  161    2
  161    1      16
  161    2      27
  162    2
  162    1      16
  162    2      16
  163    1
  163    1      28
  164    1
  164    1      28
  165    2
  165    1       6
  165    2      28
  166    2
  166    1       6
  166    2      28
  167    2
  167    1       7
  167    2      28
  168    2
  168    1       8
  168    2      28
  169    2
  169    1      11
  169    2      28
  170    2
  170    1      13
  170    2      28
  171    2
  171    1      27
  171    2      28
  172    2
  172    1       2
  172    2      28
  173    2
  173    1      10
  173    2      28
  174    2
  174    1       6
  174    2      24
  175    2
  175    1       7
  175    2      24
  176    2
  176    1       8
  176    2      24
  177    2
  177    1      10
  177    2      24
  178    2
  178    1      13
  178    2      24
  179    1
  179    1      24
  180    2
  180    1      24
  180    2      24
  181    2
  181    1       6
  181    2      13
  182    2
  182    1       7
  182    2      13
  183    2
  183    1       7
  183    2      13
  184    2
  184    1      10
  184    2      13
  185    2
  185    1      10
  185    2      13
  186    2
  186    1      13
  186    2      13
  187    2
  187    1      13
  187    2      13
  188    1
  188    1      12
  189    2
  189    1       6
  189    2      12
  190    2
  190    1       6
  190    2      12
  191    2
  191    1       7
  191    2      12
  192    2
  192    1       7
  192    2      12
  193    2
  193    1       8
  193    2      12
  194    2
  194    1      11
  194    2      12
  195    2
  195    1       7
  195    2      15
  196    2
  196    1       8
  196    2      15
  197    1
  197    1      15
  198    2
  198    1      15
  198    2      27
  199    2
  199    1       6
  199    2      15
  200    2
  200    1       6
  200    2      15
  201    2
  201    1       8
  201    2      11
  202    2
  202    1       8
  202    2      13
  203    2
  203    1       8
  203    2      17
 Step product-list:
    1    2
    1    1       6
    1    2       6
    2    2
    2    1       6
    2    2       8
    3    2
    3    1       4
    3    2       6
    4    1
    4    1       2
    5    2
    5    1       7
    5    2       8
    6    1
    6    1       4
    7    2
    7    1       8
    7    2       8
    8    1
    8    1       8
    9    2
    9    1       8
    9    2       8
   10    2
   10    1       4
   10    2       8
   11    2
   11    1       5
   11    2      10
   12    2
   12    1       8
   12    2      10
   13    2
   13    1       4
   13    2      10
   14    2
   14    1       4
   14    2      10
   15    2
   15    1       8
   15    2       8
   16    2
   16    1       2
   16    2       5
   17    2
   17    1       2
   17    2       8
   18    2
   18    1       2
   18    2       4
   19    2
   19    1       2
   19    2       4
   20    2
   20    1       2
   20    2       9
   21    2
   21    1       2
   21    2       9
   22    1
   22    1      10
   23    1
   23    1      10
   24    2
   24    1       6
   24    2      27
   25    2
   25    1       5
   25    2      25
   26    2
   26    1       5
   26    2      27
   27    2
   27    1       4
   27    2      27
   28    2
   28    1       8
   28    2      27
   29    2
   29    1       9
   29    2      27
   30    2
   30    1      10
   30    2      27
   31    2
   31    1       6
   31    2      14
   32    2
   32    1       6
   32    2      14
   33    2
   33    1       8
   33    2      25
   34    2
   34    1       8
   34    2      25
   35    2
   35    1       4
   35    2      25
   36    2
   36    1       8
   36    2      14
   37    2
   37    1       7
   37    2      28
   38    2
   38    1       8
   38    2      28
   39    2
   39    1       6
   39    2      18
   40    2
   40    1       1
   40    2      23
   41    2
   41    1      23
   41    2      27
   42    2
   42    1       3
   42    2       5
   43    3
   43    1       3
   43    2       6
   43    3       6
   44    2
   44    1       1
   44    2      25
   45    1
   45    1      22
   46    2
   46    1       6
   46    2      29
   47    2
   47    1       5
   47    2      19
   48    2
   48    1       8
   48    2      27
   49    2
   49    1       5
   49    2      21
   50    2
   50    1       5
   50    2      28
   51    2
   51    1       8
   51    2      21
   52    2
   52    1       8
   52    2      28
   53    2
   53    1       4
   53    2      21
   54    2
   54    1       4
   54    2      28
   55    2
   55    1       1
   55    2      21
   56    2
   56    1       1
   56    2      28
   57    2
   57    1      21
   57    2      27
   58    2
   58    1      27
   58    2      28
   59    2
   59    1       9
   59    2      21
   60    2
   60    1       9
   60    2      28
   61    2
   61    1       6
   61    2      14
   62    2
   62    1      10
   62    2      14
   63    2
   63    1       8
   63    2      27
   64    2
   64    1       5
   64    2      14
   65    2
   65    1       8
   65    2      14
   66    2
   66    1       8
   66    2      14
   67    2
   67    1       4
   67    2      14
   68    2
   68    1       9
   68    2      14
   69    2
   69    1       2
   69    2      20
   70    2
   70    1       1
   70    2      14
   71    2
   71    1       8
   71    2      29
   72    2
   72    1       4
   72    2      19
   73    2
   73    1      14
   73    2      16
   74    2
   74    1      11
   74    2      28
   75    2
   75    1       4
   75    2      12
   76    2
   76    1       3
   76    2       4
   77    2
   77    1       8
   77    2      26
   78    2
   78    1       5
   78    2      23
   79    2
   79    1       6
   79    2      11
   80    2
   80    1       6
   80    2      14
   81    2
   81    1       4
   81    2      23
   82    2
   82    1       7
   82    2      14
   83    2
   83    1       8
   83    2      11
   84    2
   84    1       3
   84    2       6
   85    2
   85    1       6
   85    2      12
   86    2
   86    1       3
   86    2       8
   87    2
   87    1       8
   87    2      12
   88    2
   88    1      11
   88    2      14
   89    2
   89    1       6
   89    2      11
   90    2
   90    1       7
   90    2      11
   91    2
   91    1       3
   91    2       7
   92    2
   92    1       5
   92    2      19
   93    2
   93    1       5
   93    2      29
   94    2
   94    1       8
   94    2      29
   95    2
   95    1       4
   95    2      18
   96    2
   96    1       4
   96    2      29
   97    2
   97    1       1
   97    2      29
   98    2
   98    1      14
   98    2      29
   99    2
   99    1      16
   99    2      29
  100    2
  100    1      15
  100    2      29
  101    2
  101    1       6
  101    2      18
  102    2
  102    1       5
  102    2      18
  103    2
  103    1      14
  103    2      27
  104    2
  104    1       8
  104    2      18
  105    2
  105    1       4
  105    2      18
  106    2
  106    1       4
  106    2      19
  107    2
  107    1       1
  107    2      18
  108    2
  108    1       1
  108    2      19
  109    2
  109    1       9
  109    2      18
  110    2
  110    1       2
  110    2      22
  111    2
  111    1       6
  111    2      26
  112    2
  112    1       6
  112    2      26
  113    2
  113    1       5
  113    2      26
  114    2
  114    1       8
  114    2      26
  115    2
  115    1       4
  115    2      26
  116    2
  116    1      12
  116    2      27
  117    2
  117    1      26
  117    2      27
  118    2
  118    1       1
  118    2      26
  119    1
  119    1      19
  120    2
  120    1       6
  120    2      26
  121    2
  121    1       6
  121    2      26
  122    2
  122    1      13
  122    2      27
  123    2
  123    1       6
  123    2      18
  124    2
  124    1       5
  124    2      26
  125    2
  125    1      11
  125    2      27
  126    2
  126    1       8
  126    2      26
  127    2
  127    1       4
  127    2      26
  128    2
  128    1       1
  128    2      26
  129    2
  129    1       9
  129    2      26
  130    2
  130    1       3
  130    2       6
  131    2
  131    1       3
  131    2       5
  132    2
  132    1       6
  132    2      12
  133    2
  133    1      11
  133    2      25
  134    2
  134    1       3
  134    2       8
  135    2
  135    1       3
  135    2       4
  136    2
  136    1       3
  136    2      10
  137    2
  137    1       1
  137    2       3
  138    2
  138    1       3
  138    2       9
  139    2
  139    1       3
  139    2      14
  140    2
  140    1       8
  140    2      13
  141    1
  141    1      13
  142    1
  142    1      16
  143    2
  143    1       6
  143    2      11
  144    2
  144    1       5
  144    2      11
  145    2
  145    1       8
  145    2      11
  146    2
  146    1       6
  146    2      16
  147    2
  147    1       4
  147    2      11
  148    2
  148    1      10
  148    2      11
  149    2
  149    1       1
  149    2      11
  150    2
  150    1       8
  150    2      12
  151    2
  151    1      11
  151    2      16
  152    2
  152    1      11
  152    2      15
  153    2
  153    1       4
  153    2      12
  154    2
  154    1       8
  154    2      15
  155    2
  155    1       5
  155    2      13
  156    2
  156    1       5
  156    2      13
  157    2
  157    1       4
  157    2      11
  158    2
  158    1       8
  158    2      13
  159    2
  159    1       4
  159    2      13
  160    2
  160    1      13
  160    2      27
  161    2
  161    1       1
  161    2      13
  162    3
  162    1       4
  162    2      11
  162    3      13
  163    1
  163    1      21
  164    2
  164    1       6
  164    2      14
  165    2
  165    1       5
  165    2      14
  166    2
  166    1       8
  166    2      27
  167    2
  167    1       8
  167    2      14
  168    2
  168    1       4
  168    2      14
  169    2
  169    1      14
  169    2      14
  170    2
  170    1      14
  170    2      16
  171    2
  171    1       1
  171    2      14
  172    2
  172    1      10
  172    2      14
  173    2
  173    1       9
  173    2      14
  174    2
  174    1       8
  174    2      13
  175    2
  175    1       2
  175    2      13
  176    2
  176    1      10
  176    2      13
  177    3
  177    1       2
  177    2       8
  177    3      13
  178    3
  178    1       2
  178    2      11
  178    3      13
  179    2
  179    1       2
  179    2      11
  180    3
  180    1       2
  180    2      13
  180    3      13
  181    2
  181    1       8
  181    2      11
  182    2
  182    1       2
  182    2      11
  183    1
  183    1      24
  184    2
  184    1       2
  184    2      16
  185    2
  185    1       2
  185    2      15
  186    3
  186    1       2
  186    2      11
  186    3      11
  187    2
  187    1      11
  187    2      24
  188    2
  188    1       3
  188    2       7
  189    2
  189    1       3
  189    2       8
  190    2
  190    1       3
  190    2       8
  191    2
  191    1      11
  191    2      11
  192    2
  192    1       2
  192    2       3
  193    2
  193    1       3
  193    2      10
  194    2
  194    1       3
  194    2      13
  195    2
  195    1       8
  195    2      13
  196    2
  196    1       4
  196    2      13
  197    1
  197    1      16
  198    2
  198    1       1
  198    2      13
  199    2
  199    1       4
  199    2      11
  200    2
  200    1       8
  200    2      14
  201    1
  201    1      15
  202    1
  202    1      17
  203    2
  203    1       4
  203    2      24
 Step reactant coefficient-list:
    1    0
    2    0
    3    0
    4    0
    5    0
    6    0
    7    0
    8    0
    9    0
   10    0
   11    0
   12    0
   13    0
   14    0
   15    0
   16    0
   17    0
   18    0
   19    0
   20    0
   21    0
   22    0
   23    0
   24    0
   25    0
   26    0
   27    0
   28    0
   29    0
   30    0
   31    0
   32    0
   33    0
   34    0
   35    0
   36    0
   37    0
   38    0
   39    0
   40    0
   41    0
   42    0
   43    0
   44    0
   45    0
   46    0
   47    0
   48    0
   49    0
   50    0
   51    0
   52    0
   53    0
   54    0
   55    0
   56    0
   57    0
   58    0
   59    0
   60    0
   61    0
   62    0
   63    0
   64    0
   65    0
   66    0
   67    0
   68    0
   69    0
   70    0
   71    0
   72    0
   73    0
   74    0
   75    0
   76    0
   77    0
   78    0
   79    0
   80    0
   81    0
   82    0
   83    0
   84    0
   85    0
   86    0
   87    0
   88    0
   89    0
   90    0
   91    0
   92    0
   93    0
   94    0
   95    0
   96    0
   97    0
   98    0
   99    0
  100    0
  101    0
  102    0
  103    0
  104    0
  105    0
  106    0
  107    0
  108    0
  109    0
  110    0
  111    0
  112    0
  113    0
  114    0
  115    0
  116    0
  117    0
  118    0
  119    0
  120    0
  121    0
  122    0
  123    0
  124    0
  125    0
  126    0
  127    0
  128    0
  129    0
  130    0
  131    0
  132    0
  133    0
  134    0
  135    0
  136    0
  137    0
  138    0
  139    0
  140    0
  141    0
  142    0
  143    0
  144    0
  145    0
  146    0
  147    0
  148    0
  149    0
  150    0
  151    0
  152    0
  153    0
  154    0
  155    0
  156    0
  157    0
  158    0
  159    0
  160    0
  161    0
  162    0
  163    0
  164    0
  165    0
  166    0
  167    0
  168    0
  169    0
  170    0
  171    0
  172    0
  173    0
  174    0
  175    0
  176    0
  177    0
  178    0
  179    0
  180    0
  181    0
  182    0
  183    0
  184    0
  185    0
  186    0
  187    0
  188    0
  189    0
  190    0
  191    0
  192    0
  193    0
  194    0
  195    0
  196    0
  197    0
  198    0
  199    0
  200    0
  201    0
  202    0
  203    0
 Step product coefficient-list:
    1    0
    2    0
    3    0
    4    0
    5    0
    6    0
    7    0
    8    0
    9    0
   10    0
   11    0
   12    0
   13    0
   14    0
   15    0
   16    0
   17    0
   18    0
   19    0
   20    0
   21    0
   22    0
   23    0
   24    0
   25    0
   26    0
   27    0
   28    0
   29    0
   30    0
   31    0
   32    0
   33    0
   34    0
   35    0
   36    0
   37    0
   38    0
   39    0
   40    0
   41    0
   42    0
   43    0
   44    0
   45    0
   46    0
   47    0
   48    0
   49    0
   50    0
   51    0
   52    0
   53    0
   54    0
   55    0
   56    0
   57    0
   58    0
   59    0
   60    0
   61    0
   62    0
   63    0
   64    0
   65    0
   66    0
   67    0
   68    0
   69    0
   70    0
   71    0
   72    0
   73    0
   74    0
   75    0
   76    0
   77    0
   78    0
   79    0
   80    0
   81    0
   82    0
   83    0
   84    0
   85    0
   86    0
   87    0
   88    0
   89    0
   90    0
   91    0
   92    0
   93    0
   94    0
   95    0
   96    0
   97    0
   98    0
   99    0
  100    0
  101    0
  102    0
  103    0
  104    0
  105    0
  106    0
  107    0
  108    0
  109    0
  110    0
  111    0
  112    0
  113    0
  114    0
  115    0
  116    0
  117    0
  118    0
  119    0
  120    0
  121    0
  122    0
  123    0
  124    0
  125    0
  126    0
  127    0
  128    0
  129    0
  130    0
  131    0
  132    0
  133    0
  134    0
  135    0
  136    0
  137    0
  138    0
  139    0
  140    0
  141    0
  142    0
  143    0
  144    0
  145    0
  146    0
  147    0
  148    0
  149    0
  150    0
  151    0
  152    0
  153    0
  154    0
  155    0
  156    0
  157    0
  158    0
  159    0
  160    0
  161    0
  162    0
  163    0
  164    0
  165    0
  166    0
  167    0
  168    0
  169    0
  170    0
  171    0
  172    0
  173    0
  174    0
  175    0
  176    0
  177    0
  178    0
  179    0
  180    0
  181    0
  182    0
  183    0
  184    0
  185    0
  186    0
  187    0
  188    0
  189    0
  190    0
  191    0
  192    0
  193    0
  194    0
  195    0
  196    0
  197    0
  198    0
  199    0
  200    0
  201    0
  202    0
  203    0
 Species delta-list:
    1    1 -1.0
    1    2  2.0
    2    1 -1.0
    2    2  1.0
    2    3 -1.0
    2    4  1.0
    3    1  1.0
    3    2 -1.0
    3    3  1.0
    3    4 -1.0
    4    1  1.0
    4    2 -2.0
    5    1 -1.0
    5    2 -1.0
    5    3  1.0
    5    4  1.0
    6    1  1.0
    6    2 -1.0
    6    3 -1.0
    7    1 -1.0
    7    2 -1.0
    7    3  2.0
    8    1 -1.0
    8    2 -1.0
    8    3  1.0
    9    1  2.0
    9    2 -1.0
   10    1  1.0
   10    2 -1.0
   10    3  1.0
   10    4 -1.0
   11    1  1.0
   11    2 -1.0
   11    3 -1.0
   11    4  1.0
   12    1 -1.0
   12    2  1.0
   12    3 -1.0
   12    4  1.0
   13    1  1.0
   13    2 -1.0
   13    3 -1.0
   13    4  1.0
   14    1  1.0
   14    2 -1.0
   14    3 -1.0
   14    4  1.0
   15    1 -1.0
   15    2  2.0
   15    3 -1.0
   16    1  1.0
   16    2  1.0
   16    3 -1.0
   16    4 -1.0
   17    1  1.0
   17    2 -1.0
   17    3  1.0
   17    4 -1.0
   18    1  1.0
   18    2  1.0
   18    3 -1.0
   18    4 -1.0
   19    1  1.0
   19    2  1.0
   19    3 -1.0
   19    4 -1.0
   20    1  1.0
   20    2  1.0
   20    3 -2.0
   21    1  1.0
   21    2  1.0
   21    3 -2.0
   22    1 -1.0
   22    2 -1.0
   22    3  1.0
   23    1 -1.0
   23    2 -1.0
   23    3  1.0
   24    1 -1.0
   24    2  1.0
   24    3  1.0
   25    1  1.0
   25    2 -1.0
   25    3  1.0
   25    4 -1.0
   26    1 -1.0
   26    2  1.0
   26    3 -1.0
   26    4  1.0
   27    1 -1.0
   27    2  1.0
   27    3 -1.0
   27    4  1.0
   28    1 -1.0
   28    2 -1.0
   28    3  1.0
   28    4  1.0
   29    1 -1.0
   29    2  1.0
   29    3 -1.0
   29    4  1.0
   30    1 -1.0
   30    2 -1.0
   30    3  1.0
   30    4  1.0
   31    1  1.0
   31    2 -1.0
   31    3  1.0
   31    4 -1.0
   32    1  1.0
   32    2 -1.0
   32    3  1.0
   32    4 -1.0
   33    1 -1.0
   33    2  1.0
   33    3  1.0
   33    4 -1.0
   34    1 -1.0
   34    2  1.0
   34    3  1.0
   34    4 -1.0
   35    1  1.0
   35    2 -1.0
   35    3  1.0
   35    4 -1.0
   36    1 -1.0
   36    2  1.0
   36    3  1.0
   36    4 -1.0
   37    1 -1.0
   37    2  1.0
   37    3 -1.0
   37    4  1.0
   38    1  1.0
   38    2 -1.0
   38    3 -1.0
   38    4  1.0
   39    1  1.0
   39    2  1.0
   39    3 -1.0
   39    4 -1.0
   40    1  1.0
   40    2  1.0
   40    3 -1.0
   40    4 -1.0
   41    1  1.0
   41    2 -2.0
   41    3  1.0
   42    1  1.0
   42    2  1.0
   42    3 -2.0
   43    1  1.0
   43    2  2.0
   43    3 -2.0
   44    1  1.0
   44    2  1.0
   44    3 -2.0
   45    1  1.0
   45    2 -2.0
   46    1  1.0
   46    2 -2.0
   46    3  1.0
   47    1  1.0
   47    2  1.0
   47    3 -2.0
   48    1  1.0
   48    2 -1.0
   48    3  1.0
   49    1  1.0
   49    2 -1.0
   49    3 -1.0
   49    4  1.0
   50    1  1.0
   50    2 -1.0
   50    3 -1.0
   50    4  1.0
   51    1 -1.0
   51    2  1.0
   51    3 -1.0
   51    4  1.0
   52    1 -1.0
   52    2  1.0
   52    3 -1.0
   52    4  1.0
   53    1  1.0
   53    2 -1.0
   53    3 -1.0
   53    4  1.0
   54    1  1.0
   54    2 -1.0
   54    3 -1.0
   54    4  1.0
   55    1  1.0
   55    2 -1.0
   55    3  1.0
   55    4 -1.0
   56    1  1.0
   56    2 -1.0
   56    3 -1.0
   56    4  1.0
   57    1 -1.0
   57    2  1.0
   57    3 -1.0
   57    4  1.0
   58    1 -1.0
   58    2 -1.0
   58    3  1.0
   58    4  1.0
   59    1  1.0
   59    2 -1.0
   59    3 -1.0
   59    4  1.0
   60    1  1.0
   60    2 -1.0
   60    3 -1.0
   60    4  1.0
   61    1  1.0
   61    2  1.0
   61    3 -1.0
   62    1 -1.0
   62    2  1.0
   62    3  1.0
   62    4 -1.0
   63    1 -1.0
   63    2  1.0
   63    3 -1.0
   63    4  1.0
   64    1  1.0
   64    2 -1.0
   64    3  1.0
   64    4 -1.0
   65    1 -1.0
   65    2  1.0
   65    3  1.0
   65    4 -1.0
   66    1 -1.0
   66    2  1.0
   66    3  1.0
   66    4 -1.0
   67    1  1.0
   67    2 -1.0
   67    3  1.0
   67    4 -1.0
   68    1  1.0
   68    2 -1.0
   68    3  1.0
   68    4 -1.0
   69    1  1.0
   69    2 -1.0
   69    3  1.0
   69    4 -1.0
   70    1  1.0
   70    2  1.0
   70    3 -1.0
   70    4 -1.0
   71    1  1.0
   71    2 -1.0
   71    3 -1.0
   71    4  1.0
   72    1  1.0
   72    2  1.0
   72    3 -1.0
   72    4 -1.0
   73    1 -1.0
   73    2  1.0
   73    3  1.0
   73    4 -1.0
   74    1  1.0
   74    2 -1.0
   74    3 -1.0
   74    4  1.0
   75    1  1.0
   75    2  1.0
   75    3 -1.0
   75    4 -1.0
   76    1  1.0
   76    2  1.0
   76    3 -1.0
   76    4 -1.0
   77    1  1.0
   77    2 -1.0
   77    3  1.0
   77    4 -1.0
   78    1  1.0
   78    2 -1.0
   78    3  1.0
   78    4 -1.0
   79    1  1.0
   79    2 -1.0
   79    3  1.0
   79    4 -1.0
   80    1  1.0
   80    2 -1.0
   80    3  1.0
   80    4 -1.0
   81    1  1.0
   81    2 -1.0
   81    3  1.0
   81    4 -1.0
   82    1 -1.0
   82    2  1.0
   82    3  1.0
   82    4 -1.0
   83    1 -1.0
   83    2  1.0
   83    3  1.0
   83    4 -1.0
   84    1  1.0
   84    2  1.0
   84    3 -1.0
   84    4 -1.0
   85    1  1.0
   85    2 -1.0
   85    3  1.0
   85    4 -1.0
   86    1  1.0
   86    2  1.0
   86    3 -1.0
   86    4 -1.0
   87    1  1.0
   87    2  1.0
   87    3 -1.0
   87    4 -1.0
   88    1  1.0
   88    2 -1.0
   88    3  1.0
   88    4 -1.0
   89    1  1.0
   89    2 -1.0
   89    3  1.0
   89    4 -1.0
   90    1 -1.0
   90    2  1.0
   90    3  1.0
   90    4 -1.0
   91    1  1.0
   91    2  1.0
   91    3 -1.0
   91    4 -1.0
   92    1  1.0
   92    2  1.0
   92    3 -1.0
   93    1  1.0
   93    2 -1.0
   93    3 -1.0
   93    4  1.0
   94    1 -1.0
   94    2  1.0
   94    3 -1.0
   94    4  1.0
   95    1  1.0
   95    2 -1.0
   95    3  1.0
   95    4 -1.0
   96    1  1.0
   96    2 -1.0
   96    3 -1.0
   96    4  1.0
   97    1  1.0
   97    2 -1.0
   97    3 -1.0
   97    4  1.0
   98    1 -1.0
   98    2  1.0
   98    3 -1.0
   98    4  1.0
   99    1 -1.0
   99    2  1.0
   99    3 -1.0
   99    4  1.0
  100    1 -1.0
  100    2  1.0
  100    3 -1.0
  100    4  1.0
  101    1  1.0
  101    2  1.0
  101    3 -1.0
  102    1  1.0
  102    2 -1.0
  102    3  1.0
  102    4 -1.0
  103    1 -1.0
  103    2  1.0
  103    3  1.0
  103    4 -1.0
  104    1 -1.0
  104    2  1.0
  104    3  1.0
  104    4 -1.0
  105    1  1.0
  105    2 -1.0
  105    3  1.0
  105    4 -1.0
  106    1  1.0
  106    2 -1.0
  106    3  1.0
  106    4 -1.0
  107    1  1.0
  107    2  1.0
  107    3 -1.0
  107    4 -1.0
  108    1  1.0
  108    2  1.0
  108    3 -1.0
  108    4 -1.0
  109    1  1.0
  109    2 -1.0
  109    3  1.0
  109    4 -1.0
  110    1  1.0
  110    2 -1.0
  110    3  1.0
  110    4 -1.0
  111    1  1.0
  111    2 -1.0
  111    3  1.0
  112    1  1.0
  112    2 -1.0
  112    3  1.0
  113    1  1.0
  113    2 -1.0
  113    3 -1.0
  113    4  1.0
  114    1 -1.0
  114    2  1.0
  114    3 -1.0
  114    4  1.0
  115    1  1.0
  115    2 -1.0
  115    3 -1.0
  115    4  1.0
  116    1 -1.0
  116    2  1.0
  116    3 -1.0
  116    4  1.0
  117    1 -1.0
  117    2 -1.0
  117    3  1.0
  117    4  1.0
  118    1  1.0
  118    2 -1.0
  118    3  1.0
  118    4 -1.0
  119    1 -1.0
  119    2  1.0
  120    1  1.0
  120    2 -1.0
  120    3  1.0
  121    1  1.0
  121    2 -1.0
  121    3  1.0
  122    1 -1.0
  122    2  1.0
  122    3 -1.0
  122    4  1.0
  123    1  0.0
  123    2  1.0
  123    3 -1.0
  124    1  1.0
  124    2 -1.0
  124    3 -1.0
  124    4  1.0
  125    1 -1.0
  125    2  1.0
  125    3 -1.0
  125    4  1.0
  126    1 -1.0
  126    2  1.0
  126    3 -1.0
  126    4  1.0
  127    1  1.0
  127    2 -1.0
  127    3 -1.0
  127    4  1.0
  128    1  1.0
  128    2 -1.0
  128    3  1.0
  128    4 -1.0
  129    1  1.0
  129    2 -1.0
  129    3 -1.0
  129    4  1.0
  130    1  1.0
  130    2  1.0
  130    3 -1.0
  131    1  1.0
  131    2  1.0
  131    3 -1.0
  131    4 -1.0
  132    1  1.0
  132    2 -1.0
  132    3  1.0
  132    4 -1.0
  133    1 -1.0
  133    2  1.0
  133    3  1.0
  133    4 -1.0
  134    1  1.0
  134    2 -1.0
  134    3  1.0
  134    4 -1.0
  135    1  1.0
  135    2  1.0
  135    3 -1.0
  135    4 -1.0
  136    1 -1.0
  136    2  1.0
  136    3  1.0
  136    4 -1.0
  137    1  1.0
  137    2  1.0
  137    3 -1.0
  137    4 -1.0
  138    1  1.0
  138    2  1.0
  138    3 -1.0
  138    4 -1.0
  139    1  1.0
  139    2 -1.0
  139    3  1.0
  139    4 -1.0
  140    1  1.0
  140    2 -1.0
  140    3 -1.0
  140    4  1.0
  141    1 -1.0
  141    2 -1.0
  141    3  1.0
  142    1 -1.0
  142    2 -1.0
  142    3  1.0
  143    1  1.0
  143    2  1.0
  143    3 -1.0
  144    1  1.0
  144    2 -1.0
  144    3  1.0
  144    4 -1.0
  145    1 -1.0
  145    2  1.0
  145    3  1.0
  145    4 -1.0
  146    1  1.0
  146    2 -1.0
  146    3 -1.0
  146    4  1.0
  147    1  1.0
  147    2 -1.0
  147    3  1.0
  147    4 -1.0
  148    1 -1.0
  148    2  1.0
  148    3  1.0
  148    4 -1.0
  149    1  1.0
  149    2  1.0
  149    3 -1.0
  149    4 -1.0
  150    1  1.0
  150    2 -1.0
  150    3  1.0
  150    4 -1.0
  151    1  1.0
  151    2 -1.0
  151    3 -1.0
  151    4  1.0
  152    1  1.0
  152    2 -1.0
  152    3 -1.0
  152    4  1.0
  153    1  1.0
  153    2  1.0
  153    3 -2.0
  154    1  1.0
  154    2 -1.0
  154    3 -1.0
  154    4  1.0
  155    1  1.0
  155    2 -1.0
  155    3  1.0
  155    4 -1.0
  156    1  1.0
  156    2 -1.0
  156    3  1.0
  156    4 -1.0
  157    1  1.0
  157    2 -1.0
  157    3  1.0
  157    4 -1.0
  158    1 -1.0
  158    2  1.0
  158    3  1.0
  158    4 -1.0
  159    1  1.0
  159    2 -1.0
  159    3  1.0
  159    4 -1.0
  160    1  1.0
  160    2 -1.0
  160    3 -1.0
  160    4  1.0
  161    1  1.0
  161    2  1.0
  161    3 -1.0
  161    4 -1.0
  162    1  1.0
  162    2  1.0
  162    3  1.0
  162    4 -2.0
  163    1  1.0
  163    2 -1.0
  164    1  1.0
  164    2  1.0
  164    3 -1.0
  165    1  1.0
  165    2 -1.0
  165    3  1.0
  165    4 -1.0
  166    1 -1.0
  166    2  1.0
  166    3  1.0
  166    4 -1.0
  167    1 -1.0
  167    2  1.0
  167    3  1.0
  167    4 -1.0
  168    1  1.0
  168    2 -1.0
  168    3  1.0
  168    4 -1.0
  169    1 -1.0
  169    2  2.0
  169    3 -1.0
  170    1 -1.0
  170    2  1.0
  170    3  1.0
  170    4 -1.0
  171    1  1.0
  171    2  1.0
  171    3 -1.0
  171    4 -1.0
  172    1 -1.0
  172    2  1.0
  172    3  1.0
  172    4 -1.0
  173    1  1.0
  173    2 -1.0
  173    3  1.0
  173    4 -1.0
  174    1 -1.0
  174    2  1.0
  174    3  1.0
  174    4 -1.0
  175    1  1.0
  175    2 -1.0
  175    3  1.0
  175    4 -1.0
  176    1 -1.0
  176    2  1.0
  176    3  1.0
  176    4 -1.0
  177    1  1.0
  177    2  1.0
  177    3 -1.0
  177    4  1.0
  177    5 -1.0
  178    1  1.0
  178    2  1.0
  178    3  0.0
  178    4 -1.0
  179    1  1.0
  179    2  1.0
  179    3 -1.0
  180    1  1.0
  180    2  2.0
  180    3 -2.0
  181    1 -1.0
  181    2  1.0
  181    3  1.0
  181    4 -1.0
  182    1  1.0
  182    2 -1.0
  182    3  1.0
  182    4 -1.0
  183    1 -1.0
  183    2 -1.0
  183    3  1.0
  184    1  1.0
  184    2 -1.0
  184    3 -1.0
  184    4  1.0
  185    1  1.0
  185    2 -1.0
  185    3 -1.0
  185    4  1.0
  186    1  1.0
  186    2  2.0
  186    3 -2.0
  187    1  1.0
  187    2 -2.0
  187    3  1.0
  188    1  1.0
  188    2  1.0
  188    3 -1.0
  189    1  1.0
  189    2 -1.0
  189    3  1.0
  189    4 -1.0
  190    1  1.0
  190    2 -1.0
  190    3  1.0
  190    4 -1.0
  191    1 -1.0
  191    2  2.0
  191    3 -1.0
  192    1  1.0
  192    2  1.0
  192    3 -1.0
  192    4 -1.0
  193    1  1.0
  193    2 -1.0
  193    3  1.0
  193    4 -1.0
  194    1  1.0
  194    2 -1.0
  194    3 -1.0
  194    4  1.0
  195    1 -1.0
  195    2  1.0
  195    3  1.0
  195    4 -1.0
  196    1  1.0
  196    2 -1.0
  196    3  1.0
  196    4 -1.0
  197    1 -1.0
  197    2  1.0
  198    1  1.0
  198    2  1.0
  198    3 -1.0
  198    4 -1.0
  199    1  1.0
  199    2 -1.0
  199    3  1.0
  199    4 -1.0
  200    1 -1.0
  200    2  1.0
  200    3  1.0
  200    4 -1.0
  201    1 -1.0
  201    2 -1.0
  201    3  1.0
  202    1 -1.0
  202    2 -1.0
  202    3  1.0
  203    1  1.0
  203    2 -1.0
  203    3 -1.0
  203    4  1.0
 Third-body list:
   10
    1   M1        
    2   M2        
    3   M3        
    4   M4        
    5   M5        
    6   M6        
    7   M7        
    8   M8        
    9   M9        
   10   M10       
 Third-body step-list:
    1       1
    2       0
    3       0
    4       2
    5       0
    6       3
    7       0
    8       4
    9       5
   10       0
   11       0
   12       0
   13       0
   14       0
   15       0
   16       0
   17       0
   18       0
   19       0
   20       0
   21       0
   22       6
   23       7
   24       0
   25       0
   26       0
   27       0
   28       0
   29       0
   30       0
   31       0
   32       0
   33       0
   34       0
   35       0
   36       0
   37       0
   38       0
   39       0
   40       0
   41       0
   42       0
   43       0
   44       0
   45       0
   46       0
   47       0
   48       7
   49       0
   50       0
   51       0
   52       0
   53       0
   54       0
   55       0
   56       0
   57       0
   58       0
   59       0
   60       0
   61       7
   62       0
   63       0
   64       0
   65       0
   66       0
   67       0
   68       0
   69       0
   70       0
   71       0
   72       0
   73       0
   74       0
   75       0
   76       0
   77       0
   78       0
   79       0
   80       0
   81       0
   82       0
   83       0
   84       0
   85       0
   86       0
   87       0
   88       0
   89       0
   90       0
   91       0
   92       0
   93       0
   94       0
   95       0
   96       0
   97       0
   98       0
   99       0
  100       0
  101       0
  102       0
  103       0
  104       0
  105       0
  106       0
  107       0
  108       0
  109       0
  110       0
  111       0
  112       0
  113       0
  114       0
  115       0
  116       0
  117       0
  118       0
  119       0
  120       0
  121       0
  122       0
  123       0
  124       0
  125       0
  126       0
  127       0
  128       0
  129       0
  130       0
  131       0
  132       0
  133       0
  134       0
  135       0
  136       0
  137       0
  138       0
  139       0
  140       0
  141       8
  142       0
  143       0
  144       0
  145       0
  146       0
  147       0
  148       0
  149       0
  150       0
  151       0
  152       0
  153       0
  154       0
  155       0
  156       0
  157       0
  158       0
  159       0
  160       0
  161       0
  162       0
  163       0
  164       9
  165       0
  166       0
  167       0
  168       0
  169       0
  170       0
  171       0
  172       0
  173       0
  174       0
  175       0
  176       0
  177       0
  178       0
  179       0
  180       0
  181       0
  182       0
  183       7
  184       0
  185       0
  186       0
  187       0
  188      10
  189       0
  190       0
  191       0
  192       0
  193       0
  194       0
  195       0
  196       0
  197       0
  198       0
  199       0
  200       0
  201       0
  202       7
  203       0
 Third-body efficiencies:
    1    1  1.0000E+00
    1    2  1.0000E+00
    1    3  1.0000E+00
    1    4  1.2000E+01
    1    5  2.5000E+00
    1    6  1.0000E+00
    1    7  1.0000E+00
    1    8  1.0000E+00
    1    9  1.0000E+00
    1   10  1.0000E+00
    1   11  1.0000E+00
    1   12  1.0000E+00
    1   13  1.0000E+00
    1   14  1.0000E+00
    1   15  1.0000E+00
    1   16  1.0000E+00
    1   17  1.0000E+00
    1   18  1.0000E+00
    1   19  1.0000E+00
    1   20  1.0000E+00
    1   21  1.0000E+00
    1   22  1.0000E+00
    1   23  1.0000E+00
    1   24  1.0000E+00
    1   25  1.0000E+00
    1   26  1.0000E+00
    1   27  1.0000E+00
    1   28  1.0000E+00
    1   29  1.0000E+00
    1   30  8.3000E-01
    1   31  1.0000E+00
    2    1  1.0000E+00
    2    2  1.0000E+00
    2    3  1.0000E+00
    2    4  1.2000E+01
    2    5  2.5000E+00
    2    6  1.0000E+00
    2    7  1.0000E+00
    2    8  1.0000E+00
    2    9  1.0000E+00
    2   10  1.0000E+00
    2   11  1.0000E+00
    2   12  1.0000E+00
    2   13  1.0000E+00
    2   14  1.0000E+00
    2   15  1.0000E+00
    2   16  1.0000E+00
    2   17  1.0000E+00
    2   18  1.0000E+00
    2   19  1.0000E+00
    2   20  1.0000E+00
    2   21  1.0000E+00
    2   22  1.0000E+00
    2   23  1.0000E+00
    2   24  1.0000E+00
    2   25  1.0000E+00
    2   26  1.0000E+00
    2   27  1.0000E+00
    2   28  1.0000E+00
    2   29  1.0000E+00
    2   30  8.3000E-01
    2   31  8.3000E-01
    3    1  1.0000E+00
    3    2  1.0000E+00
    3    3  1.0000E+00
    3    4  3.6500E+00
    3    5  7.3000E-01
    3    6  1.0000E+00
    3    7  1.0000E+00
    3    8  1.0000E+00
    3    9  1.0000E+00
    3   10  1.0000E+00
    3   11  1.0000E+00
    3   12  1.0000E+00
    3   13  1.0000E+00
    3   14  1.0000E+00
    3   15  1.0000E+00
    3   16  1.0000E+00
    3   17  1.0000E+00
    3   18  1.0000E+00
    3   19  1.0000E+00
    3   20  1.0000E+00
    3   21  1.0000E+00
    3   22  1.0000E+00
    3   23  1.0000E+00
    3   24  1.0000E+00
    3   25  1.0000E+00
    3   26  1.0000E+00
    3   27  1.0000E+00
    3   28  1.0000E+00
    3   29  1.0000E+00
    3   30  1.0000E+00
    3   31  3.8000E-01
    4    1  1.0000E+00
    4    2  1.0000E+00
    4    3  1.0000E+00
    4    4  1.2000E+01
    4    5  2.5000E+00
    4    6  1.0000E+00
    4    7  1.0000E+00
    4    8  1.0000E+00
    4    9  1.0000E+00
    4   10  1.0000E+00
    4   11  1.0000E+00
    4   12  1.0000E+00
    4   13  1.0000E+00
    4   14  1.0000E+00
    4   15  1.0000E+00
    4   16  1.0000E+00
    4   17  1.0000E+00
    4   18  1.0000E+00
    4   19  1.0000E+00
    4   20  1.0000E+00
    4   21  1.0000E+00
    4   22  1.0000E+00
    4   23  1.0000E+00
    4   24  1.0000E+00
    4   25  1.0000E+00
    4   26  1.0000E+00
    4   27  1.0000E+00
    4   28  1.0000E+00
    4   29  1.0000E+00
    4   30  7.5000E-01
    4   31  7.5000E-01
    5    1  1.0000E+00
    5    2  1.2000E+00
    5    3  1.5000E+00
    5    4  7.6500E+00
    5    5  3.7000E+00
    5    6  1.0000E+00
    5    7  1.0000E+00
    5    8  1.0000E+00
    5    9  7.7000E+00
    5   10  1.0000E+00
    5   11  1.0000E+00
    5   12  1.0000E+00
    5   13  1.0000E+00
    5   14  1.0000E+00
    5   15  1.0000E+00
    5   16  1.0000E+00
    5   17  1.0000E+00
    5   18  1.0000E+00
    5   19  1.0000E+00
    5   20  1.0000E+00
    5   21  1.0000E+00
    5   22  1.0000E+00
    5   23  1.0000E+00
    5   24  1.0000E+00
    5   25  1.0000E+00
    5   26  1.0000E+00
    5   27  1.0000E+00
    5   28  1.0000E+00
    5   29  1.0000E+00
    5   30  6.5000E-01
    5   31  1.0000E+00
    6    1  1.0000E+00
    6    2  1.0000E+00
    6    3  1.0000E+00
    6    4  1.0000E+01
    6    5  1.3000E+00
    6    6  1.0000E+00
    6    7  1.0000E+00
    6    8  1.0000E+00
    6    9  1.0000E+00
    6   10  1.0000E+00
    6   11  1.0000E+00
    6   12  1.0000E+00
    6   13  1.0000E+00
    6   14  1.0000E+00
    6   15  1.0000E+00
    6   16  1.0000E+00
    6   17  1.0000E+00
    6   18  1.0000E+00
    6   19  1.0000E+00
    6   20  1.0000E+00
    6   21  1.0000E+00
    6   22  1.0000E+00
    6   23  1.0000E+00
    6   24  1.0000E+00
    6   25  1.0000E+00
    6   26  1.0000E+00
    6   27  1.0000E+00
    6   28  1.0000E+00
    6   29  1.0000E+00
    6   30  6.4000E-01
    6   31  5.0000E-01
    7    1  1.0000E+00
    7    2  1.0000E+00
    7    3  1.0000E+00
    7    4  1.0000E+00
    7    5  1.0000E+00
    7    6  1.0000E+00
    7    7  1.0000E+00
    7    8  1.0000E+00
    7    9  1.0000E+00
    7   10  1.0000E+00
    7   11  1.0000E+00
    7   12  1.0000E+00
    7   13  1.0000E+00
    7   14  1.0000E+00
    7   15  1.0000E+00
    7   16  1.0000E+00
    7   17  1.0000E+00
    7   18  1.0000E+00
    7   19  1.0000E+00
    7   20  1.0000E+00
    7   21  1.0000E+00
    7   22  1.0000E+00
    7   23  1.0000E+00
    7   24  1.0000E+00
    7   25  1.0000E+00
    7   26  1.0000E+00
    7   27  1.0000E+00
    7   28  1.0000E+00
    7   29  1.0000E+00
    7   30  1.0000E+00
    7   31  1.0000E+00
    8    1  1.0000E+00
    8    2  1.5000E+00
    8    3  1.7000E+00
    8    4  1.0000E+01
    8    5  1.0000E+00
    8    6  1.0000E+00
    8    7  1.0000E+00
    8    8  1.0000E+00
    8    9  1.0000E+00
    8   10  1.0000E+00
    8   11  1.0000E+00
    8   12  1.0000E+00
    8   13  1.0000E+00
    8   14  1.0000E+00
    8   15  1.0000E+00
    8   16  1.0000E+00
    8   17  1.0000E+00
    8   18  1.0000E+00
    8   19  1.0000E+00
    8   20  1.0000E+00
    8   21  1.0000E+00
    8   22  1.0000E+00
    8   23  1.0000E+00
    8   24  1.0000E+00
    8   25  1.0000E+00
    8   26  1.0000E+00
    8   27  1.0000E+00
    8   28  1.0000E+00
    8   29  1.0000E+00
    8   30  1.0000E+00
    8   31  1.0000E+00
    9    1  1.0000E+00
    9    2  1.0000E+00
    9    3  1.0000E+00
    9    4  1.0000E+01
    9    5  1.0000E+00
    9    6  1.0000E+00
    9    7  1.0000E+00
    9    8  1.0000E+00
    9    9  1.0000E+00
    9   10  1.0000E+00
    9   11  1.0000E+00
    9   12  1.0000E+00
    9   13  1.0000E+00
    9   14  1.0000E+00
    9   15  1.0000E+00
    9   16  1.0000E+00
    9   17  1.0000E+00
    9   18  1.0000E+00
    9   19  1.0000E+00
    9   20  1.0000E+00
    9   21  1.0000E+00
    9   22  1.0000E+00
    9   23  1.0000E+00
    9   24  1.0000E+00
    9   25  1.0000E+00
    9   26  1.0000E+00
    9   27  1.0000E+00
    9   28  1.0000E+00
    9   29  1.0000E+00
    9   30  1.0000E+00
    9   31  1.0000E+00
   10    1  1.0000E+00
   10    2  1.4000E+00
   10    3  1.7000E+00
   10    4  1.2000E+01
   10    5  1.0000E+00
   10    6  1.0000E+00
   10    7  1.0000E+00
   10    8  1.0000E+00
   10    9  1.0000E+00
   10   10  1.0000E+00
   10   11  1.0000E+00
   10   12  1.0000E+00
   10   13  1.0000E+00
   10   14  1.0000E+00
   10   15  1.0000E+00
   10   16  1.0000E+00
   10   17  1.0000E+00
   10   18  1.0000E+00
   10   19  1.0000E+00
   10   20  1.0000E+00
   10   21  1.0000E+00
   10   22  1.0000E+00
   10   23  1.0000E+00
   10   24  1.0000E+00
   10   25  1.0000E+00
   10   26  1.0000E+00
   10   27  1.0000E+00
   10   28  1.0000E+00
   10   29  1.0000E+00
   10   30  1.0000E+00
   10   31  1.0000E+00
 Gibbs step-list:
  196
    1       1
    2       2
    3       3
    4       4
    5       5
    6       6
    7       7
    8       8
    9       9
   10      10
   11      11
   12      12
   13      13
   14      14
   15      15
   16      16
   17      17
   18      18
   19      19
   20      20
   21      21
   22      22
   23      23
   24      24
   25      25
   26      26
   27      27
   28      28
   29      29
   30      30
   31      31
   32      32
   33      33
   34      34
   35      35
   36      36
   37      37
   38      38
   39      39
   40      40
   41      41
   42       0
   43       0
   44      44
   45      45
   46      46
   47      47
   48      48
   49      49
   50      50
   51      51
   52      52
   53      53
   54      54
   55      55
   56      56
   57      57
   58      58
   59      59
   60      60
   61      61
   62      62
   63      63
   64      64
   65      65
   66      66
   67      67
   68      68
   69      69
   70      70
   71      71
   72      72
   73      73
   74      74
   75      75
   76      76
   77      77
   78      78
   79      79
   80      80
   81      81
   82      82
   83      83
   84      84
   85      85
   86      86
   87      87
   88      88
   89      89
   90      90
   91      91
   92      92
   93      93
   94      94
   95      95
   96      96
   97      97
   98      98
   99      99
  100     100
  101     101
  102     102
  103     103
  104     104
  105     105
  106     106
  107     107
  108     108
  109     109
  110     110
  111     111
  112     112
  113     113
  114     114
  115     115
  116     116
  117     117
  118     118
  119     119
  120     120
  121     121
  122     122
  123     123
  124     124
  125     125
  126     126
  127     127
  128     128
  129     129
  130     130
  131     131
  132     132
  133     133
  134     134
  135     135
  136     136
  137     137
  138     138
  139     139
  140     140
  141     141
  142     142
  143     143
  144     144
  145     145
  146     146
  147     147
  148     148
  149     149
  150     150
  151     151
  152     152
  153     153
  154     154
  155     155
  156     156
  157     157
  158     158
  159     159
  160     160
  161     161
  162       0
  163     163
  164     164
  165     165
  166     166
  167     167
  168     168
  169     169
  170     170
  171     171
  172     172
  173     173
  174     174
  175     175
  176     176
  177       0
  178       0
  179     179
  180       0
  181     181
  182     182
  183     183
  184     184
  185     185
  186       0
  187     187
  188     188
  189     189
  190     190
  191     191
  192     192
  193     193
  194     194
  195     195
  196     196
  197     197
  198     198
  199     199
  200     200
  201     201
  202     202
  203     203
 Lindemann step-list:
    1
    1       0
    2       0
    3       0
    4       0
    5       0
    6       0
    7       0
    8       0
    9       0
   10       0
   11       0
   12       0
   13       0
   14       0
   15       0
   16       0
   17       0
   18       0
   19       0
   20       0
   21       0
   22       0
   23       0
   24       0
   25       0
   26       0
   27       0
   28       0
   29       0
   30       0
   31       0
   32       0
   33       0
   34       0
   35       0
   36       0
   37       0
   38       0
   39       0
   40       0
   41       0
   42       0
   43       0
   44       0
   45       0
   46       0
   47       0
   48       0
   49       0
   50       0
   51       0
   52       0
   53       0
   54       0
   55       0
   56       0
   57       0
   58       0
   59       0
   60       0
   61       0
   62       0
   63       0
   64       0
   65       0
   66       0
   67       0
   68       0
   69       0
   70       0
   71       0
   72       0
   73       0
   74       0
   75       0
   76       0
   77       0
   78       0
   79       0
   80       0
   81       0
   82       0
   83       0
   84       0
   85       0
   86       0
   87       0
   88       0
   89       0
   90       0
   91       0
   92       0
   93       0
   94       0
   95       0
   96       0
   97       0
   98       0
   99       0
  100       0
  101       0
  102       0
  103       0
  104       0
  105       0
  106       0
  107       0
  108       0
  109       0
  110       0
  111       0
  112       0
  113       0
  114       0
  115       0
  116       0
  117       0
  118       0
  119       0
  120       0
  121       0
  122       0
  123       0
  124       0
  125       0
  126       0
  127       0
  128       0
  129       0
  130       0
  131       0
  132       0
  133       0
  134       0
  135       0
  136       0
  137       0
  138       0
  139       0
  140       0
  141       0
  142       0
  143       0
  144       0
  145       0
  146       0
  147       0
  148       0
  149       0
  150       0
  151       0
  152       0
  153       0
  154       0
  155       0
  156       0
  157       0
  158       0
  159       0
  160       0
  161       0
  162       0
  163       0
  164       0
  165       0
  166       0
  167       0
  168       0
  169       0
  170       0
  171       0
  172       0
  173       0
  174       0
  175       0
  176       0
  177       0
  178       0
  179       0
  180       0
  181       0
  182       0
  183       0
  184       0
  185       0
  186       0
  187       0
  188       1
  189       0
  190       0
  191       0
  192       0
  193       0
  194       0
  195       0
  196       0
  197       0
  198       0
  199       0
  200       0
  201       0
  202       0
  203       0
 Lindemann step rate data:
    1  6.0200E+11  0.0000E+00  2.4036E+08  1.0000E+00
 Troe step-list:
    6
    1       0
    2       0
    3       0
    4       0
    5       0
    6       0
    7       0
    8       0
    9       1
   10       0
   11       0
   12       0
   13       0
   14       0
   15       0
   16       0
   17       0
   18       0
   19       0
   20       0
   21       0
   22       2
   23       0
   24       0
   25       0
   26       0
   27       0
   28       0
   29       0
   30       0
   31       0
   32       0
   33       0
   34       0
   35       0
   36       0
   37       0
   38       0
   39       0
   40       0
   41       0
   42       0
   43       0
   44       0
   45       0
   46       0
   47       0
   48       3
   49       0
   50       0
   51       0
   52       0
   53       0
   54       0
   55       0
   56       0
   57       0
   58       0
   59       0
   60       0
   61       0
   62       0
   63       0
   64       0
   65       0
   66       0
   67       0
   68       0
   69       0
   70       0
   71       0
   72       0
   73       0
   74       0
   75       0
   76       0
   77       0
   78       0
   79       0
   80       0
   81       0
   82       0
   83       0
   84       0
   85       0
   86       0
   87       0
   88       0
   89       0
   90       0
   91       0
   92       0
   93       0
   94       0
   95       0
   96       0
   97       0
   98       0
   99       0
  100       0
  101       0
  102       0
  103       0
  104       0
  105       0
  106       0
  107       0
  108       0
  109       0
  110       0
  111       0
  112       0
  113       0
  114       0
  115       0
  116       0
  117       0
  118       0
  119       0
  120       0
  121       0
  122       0
  123       0
  124       0
  125       0
  126       0
  127       0
  128       0
  129       0
  130       0
  131       0
  132       0
  133       0
  134       0
  135       0
  136       0
  137       0
  138       0
  139       0
  140       0
  141       4
  142       0
  143       0
  144       0
  145       0
  146       0
  147       0
  148       0
  149       0
  150       0
  151       0
  152       0
  153       0
  154       0
  155       0
  156       0
  157       0
  158       0
  159       0
  160       0
  161       0
  162       0
  163       0
  164       0
  165       0
  166       0
  167       0
  168       0
  169       0
  170       0
  171       0
  172       0
  173       0
  174       0
  175       0
  176       0
  177       0
  178       0
  179       0
  180       0
  181       0
  182       0
  183       5
  184       0
  185       0
  186       0
  187       0
  188       0
  189       0
  190       0
  191       0
  192       0
  193       0
  194       0
  195       0
  196       0
  197       0
  198       0
  199       0
  200       0
  201       0
  202       6
  203       0
 Troe step rate data:
    1  2.4900E+21 -2.3000E+00  2.0398E+08  4.3000E-01  1.0000E+30  0.0000E+00
    1  1.0000E-30 -4.0000E-01 -6.7000E-01  7.5000E-01 -1.2700E+00  1.4000E-01
    2  1.7370E+13 -1.2300E+00  0.0000E+00  6.7000E-01  1.0000E+30  1.0000E+30
    2  1.0000E-30 -4.0000E-01 -6.7000E-01  7.5000E-01 -1.2700E+00  1.4000E-01
    3  5.4000E+34 -5.9600E+00  2.7944E+08  3.5000E-01  1.0000E+30  1.0000E+30
    3  1.0000E-30 -4.0000E-01 -6.7000E-01  7.5000E-01 -1.2700E+00  1.4000E-01
    4  4.7200E+18 -2.8700E+00  6.4859E+06  7.5000E-01  1.0000E+05  1.0000E+30
    4  1.0000E+03 -4.0000E-01 -6.7000E-01  7.5000E-01 -1.2700E+00  1.4000E-01
    5  2.5000E+14 -1.5000E+00  0.0000E+00  7.1000E-01  1.7000E+03  1.0000E+30
    5  1.0000E-30 -4.0000E-01 -6.7000E-01  7.5000E-01 -1.2700E+00  1.4000E-01
    6  2.9380E+19 -3.0000E+00  0.0000E+00  4.0000E-01  1.0000E+30  1.0000E+30
    6  1.0000E-30 -4.0000E-01 -6.7000E-01  7.5000E-01 -1.2700E+00  1.4000E-01
 SRI step-list:
    0
 SRI step rate data:
 End of file
