 *****************************
 *                           *
 *  Output file from ppdiff  *
 *                           *
 *****************************
 Species list:
   22
    1   H2        
    2   O2        
    3   H         
    4   OH        
    5   O         
    6   H2O       
    7   HO2       
    8   H2O2      
    9   NH3       
   10   NH2       
   11   NH        
   12   N         
   13   N2H2      
   14   NNH       
   15   HNO       
   16   NO        
   17   NO2       
   18   N2O       
   19   HNO2      
   20   N2        
   21   H2NO      
   22   AR        
 Molecular transport reference data:
  1.0000E+05  3.0000E+02
 Viscosity
    1    4
 -1.1619376E+01  6.6265653E-01 -1.3380699E-02  2.9855062E-03
    2    4
 -1.0789964E+01  7.7536949E-01 -8.1328876E-02  1.6581773E-02
    3    4
 -1.1565237E+01  8.4116031E-01 -1.0960851E-01  2.0329993E-02
    4    4
 -1.0574110E+01  7.3076671E-01 -6.0173883E-02  1.3342193E-02
    5    4
 -1.0604659E+01  7.3076671E-01 -6.0173883E-02  1.3342193E-02
    6    4
 -1.1481116E+01  1.0724397E+00  3.1347751E-03 -2.1815080E-02
    7    4
 -1.0774457E+01  7.7536949E-01 -8.1328876E-02  1.6581773E-02
    8    4
 -1.0759416E+01  7.7536949E-01 -8.1328876E-02  1.6581773E-02
    9    4
 -1.1467231E+01  1.0146846E+00 -1.8782751E-02 -1.8208026E-02
   10    4
 -1.0529827E+01  7.3076671E-01 -6.0173883E-02  1.3342193E-02
   11    4
 -1.0562315E+01  7.3076671E-01 -6.0173883E-02  1.3342193E-02
   12    4
 -1.1009903E+01  7.1288562E-01 -4.6380027E-02  9.9216483E-03
   13    4
 -1.0910917E+01  7.1288562E-01 -4.6380027E-02  9.9216483E-03
   14    4
 -1.0927989E+01  7.1288562E-01 -4.6380027E-02  9.9216483E-03
   15    4
 -1.0848934E+01  7.9286391E-01 -8.8810106E-02  1.7430116E-02
   16    4
 -1.0888376E+01  7.5708911E-01 -7.0590841E-02  1.4355753E-02
   17    4
 -1.0845470E+01  9.1725265E-01 -1.3131197E-01  2.1456203E-02
   18    4
 -1.1111757E+01  9.5267882E-01 -1.3514455E-01  1.9877619E-02
   19    4
 -1.1078787E+01  9.5267882E-01 -1.3514455E-01  1.9877619E-02
   20    4
 -1.0922109E+01  7.5704568E-01 -7.0577591E-02  1.4355753E-02
   21    4
 -1.0832942E+01  7.9286391E-01 -8.8810106E-02  1.7430116E-02
   22    4
 -1.0674250E+01  8.2581947E-01 -1.0379714E-01  1.9781114E-02
 Thermal conductivity
    1    4
 -1.6878665E+00  7.1186536E-01 -2.7073746E-02  1.9586780E-02
    2    4
 -3.6251023E+00  8.6574402E-01 -2.0795958E-02 -1.5774282E-03
    3    4
 -1.2256975E+00  8.4116031E-01 -1.0960851E-01  2.0329993E-02
    4    4
 -2.8401761E+00  6.9583897E-01  1.1205315E-02  9.3349427E-03
    5    4
 -3.0296778E+00  7.3076671E-01 -6.0173883E-02  1.3342193E-02
    6    4
 -3.6456699E+00  1.1666029E+00  1.2606929E-01 -4.8444361E-02
    7    4
 -3.5138269E+00  9.8140149E-01  7.3159809E-03 -1.2453086E-02
    8    4
 -3.3127766E+00  1.0648569E+00 -1.7597758E-02 -1.2867649E-02
    9    4
 -3.4861018E+00  1.2717288E+00  1.3492754E-01 -7.0056666E-02
   10    4
 -2.5713891E+00  8.2826620E-01  7.9618589E-02 -2.0286820E-02
   11    4
 -2.6618121E+00  7.5181096E-01 -7.4548748E-03  1.0747739E-02
   12    4
 -3.3019528E+00  7.1288562E-01 -4.6380027E-02  9.9216483E-03
   13    4
 -3.5539556E+00  1.0144061E+00  2.3313157E-01 -8.9850360E-02
   14    4
 -3.5621848E+00  8.8101193E-01  9.9217147E-02 -4.2029314E-02
   15    4
 -3.5722062E+00  9.2596508E-01  1.2293702E-01 -3.9346448E-02
   16    4
 -3.6513810E+00  7.8205724E-01  4.2754957E-02 -1.9348007E-02
   17    4
 -3.8490205E+00  1.1928592E+00 -9.5187875E-02 -4.9651793E-03
   18    4
 -4.0289913E+00  1.3027499E+00 -1.7303513E-01  1.1619926E-02
   19    4
 -4.0574900E+00  1.3599873E+00 -5.3280166E-02 -3.3165973E-02
   20    4
 -3.6453247E+00  7.8248897E-01  3.4467938E-02 -1.4413183E-02
   21    4
 -3.4272673E+00  1.1015727E+00  2.3450910E-02 -3.0946778E-02
   22    4
 -4.0143214E+00  8.2581947E-01 -1.0379714E-01  1.9781114E-02
 Binary diffusion coefficient
    1    4
    1 -8.8197492E+00  1.6767814E+00 -1.5738954E-02  3.3242353E-03
    2    4
    1 -9.4124801E+00  1.7122952E+00 -3.7622929E-02  7.8978109E-03
    2 -1.0767159E+01  1.7800424E+00 -7.2316337E-02  1.3963040E-02
    3    4
    1 -8.4280283E+00  1.7283214E+00 -4.5374851E-02  8.9890049E-03
    2 -8.9579828E+00  1.8064468E+00 -8.3938598E-02  1.5768260E-02
    3 -8.0848022E+00  1.8367031E+00 -9.4938621E-02  1.6779262E-02
    4    4
    1 -9.1213916E+00  1.6989474E+00 -2.8041321E-02  5.5067712E-03
    2 -1.0329058E+01  1.7576629E+00 -6.1926151E-02  1.2305278E-02
    3 -8.6263125E+00  1.7809917E+00 -7.2590767E-02  1.3963040E-02
    4 -9.9169017E+00  1.7404050E+00 -5.5150064E-02  1.1547496E-02
    5    4
    1 -9.1180643E+00  1.6989474E+00 -2.8041321E-02  5.5067712E-03
    2 -1.0308900E+01  1.7576629E+00 -6.1926151E-02  1.2305278E-02
    3 -8.6245530E+00  1.7809917E+00 -7.2590767E-02  1.3963040E-02
    4 -9.9013938E+00  1.7404050E+00 -5.5150064E-02  1.1547496E-02
    5 -9.8863523E+00  1.7404050E+00 -5.5150064E-02  1.1547496E-02
    6    4
    1 -8.7943098E+00  1.8593290E+00 -1.0335013E-01  1.7922621E-02
    2 -1.0259311E+01  1.9614345E+00 -1.1784545E-01  1.4868015E-02
    3 -8.9340446E+00  1.9728163E+00 -1.1161088E-01  1.2070006E-02
    4 -1.0189798E+01  1.9190771E+00 -1.1745422E-01  1.7933197E-02
    5 -1.0173851E+01  1.9190771E+00 -1.1745422E-01  1.7933197E-02
    6 -1.0891791E+01  2.1077273E+00 -1.2231158E-02 -2.0220110E-02
    7    4
    1 -9.4133859E+00  1.7122952E+00 -3.7622929E-02  7.8978109E-03
    2 -1.0774853E+01  1.7800424E+00 -7.2316337E-02  1.3963040E-02
    3 -8.9584493E+00  1.8064468E+00 -8.3938598E-02  1.5768260E-02
    4 -1.0334385E+01  1.7576629E+00 -6.1926151E-02  1.2305278E-02
    5 -1.0314016E+01  1.7576629E+00 -6.1926151E-02  1.2305278E-02
    6 -1.0645246E+01  1.9506503E+00 -1.2170771E-01  1.7037851E-02
    7 -1.0782666E+01  1.7800424E+00 -7.2316337E-02  1.3963040E-02
    8    4
    1 -9.4142395E+00  1.7122952E+00 -3.7622929E-02  7.8978109E-03
    2 -1.0782200E+01  1.7800424E+00 -7.2316337E-02  1.3963040E-02
    3 -8.9588886E+00  1.8064468E+00 -8.3938598E-02  1.5768260E-02
    4 -1.0339449E+01  1.7576629E+00 -6.1926151E-02  1.2305278E-02
    5 -1.0318877E+01  1.7576629E+00 -6.1926151E-02  1.2305278E-02
    6 -1.0650505E+01  1.9506503E+00 -1.2170771E-01  1.7037851E-02
    7 -1.0790130E+01  1.7800424E+00 -7.2316337E-02  1.3963040E-02
    8 -1.0797707E+01  1.7800424E+00 -7.2316337E-02  1.3963040E-02
    9    4
    1 -9.0462322E+00  1.8354717E+00 -9.4611591E-02  1.6779262E-02
    2 -1.0428846E+01  1.9409089E+00 -1.1964467E-01  1.7037851E-02
    3 -9.0254832E+00  1.9606724E+00 -1.1770113E-01  1.4868015E-02
    4 -1.0256860E+01  1.9008816E+00 -1.1482324E-01  1.8512466E-02
    5 -1.0241341E+01  1.9008816E+00 -1.1482324E-01  1.8512466E-02
    6 -1.0833309E+01  2.0668293E+00 -2.3297526E-02 -1.8152575E-02
    7 -1.0691674E+01  1.9299454E+00 -1.1727944E-01  1.7037851E-02
    8 -1.0696743E+01  1.9299454E+00 -1.1727944E-01  1.7037851E-02
    9 -1.0814801E+01  2.0449871E+00 -4.8752277E-02 -1.0013306E-02
   10    4
    1 -9.0825600E+00  1.6989474E+00 -2.8041321E-02  5.5067712E-03
    2 -1.0276931E+01  1.7576629E+00 -6.1926151E-02  1.2305278E-02
    3 -8.5824905E+00  1.7809917E+00 -7.2590767E-02  1.3963040E-02
    4 -9.8650815E+00  1.7404050E+00 -5.5150064E-02  1.1547496E-02
    5 -9.8500287E+00  1.7404050E+00 -5.5150064E-02  1.1547496E-02
    6 -8.8092807E+00  1.9673049E+00 -1.1895122E-01  1.4868015E-02
    7 -1.0282052E+01  1.7576629E+00 -6.1926151E-02  1.2305278E-02
    8 -1.0286918E+01  1.7576629E+00 -6.1926151E-02  1.2305278E-02
    9 -9.2937120E+00  1.9341739E+00 -1.1819728E-01  1.7037851E-02
   10 -9.8130193E+00  1.7404050E+00 -5.5150064E-02  1.1547496E-02
   11    4
    1 -9.0788229E+00  1.6989474E+00 -2.8041321E-02  5.5067712E-03
    2 -1.0255050E+01  1.7576629E+00 -6.1926151E-02  1.2305278E-02
    3 -8.5805078E+00  1.7809917E+00 -7.2590767E-02  1.3963040E-02
    4 -9.8480903E+00  1.7404050E+00 -5.5150064E-02  1.1547496E-02
    5 -9.8335331E+00  1.7404050E+00 -5.5150064E-02  1.1547496E-02
    6 -1.0119053E+01  1.9190771E+00 -1.1745422E-01  1.7933197E-02
    7 -1.0259951E+01  1.7576629E+00 -6.1926151E-02  1.2305278E-02
    8 -1.0264605E+01  1.7576629E+00 -6.1926151E-02  1.2305278E-02
    9 -1.0189137E+01  1.9008816E+00 -1.1482324E-01  1.8512466E-02
   10 -9.7965116E+00  1.7404050E+00 -5.5150064E-02  1.1547496E-02
   11 -9.7805315E+00  1.7404050E+00 -5.5150064E-02  1.1547496E-02
   12    4
    1 -9.2834650E+00  1.6958117E+00 -2.7101903E-02  5.5067712E-03
    2 -1.0418287E+01  1.7507395E+00 -5.9826955E-02  1.2305278E-02
    3 -8.8208233E+00  1.7728715E+00 -7.0208768E-02  1.3963040E-02
    4 -1.0042493E+01  1.7307367E+00 -4.8451091E-02  1.0098400E-02
    5 -1.0028464E+01  1.7307367E+00 -4.8451091E-02  1.0098400E-02
    6 -1.0309120E+01  1.9058931E+00 -1.1439494E-01  1.7933197E-02
    7 -1.0422958E+01  1.7507395E+00 -5.9826955E-02  1.2305278E-02
    8 -1.0427392E+01  1.7507395E+00 -5.9826955E-02  1.2305278E-02
    9 -1.0368164E+01  1.8878276E+00 -1.1088433E-01  1.8149846E-02
   10 -9.9954683E+00  1.7307367E+00 -4.8451091E-02  1.0098400E-02
   11 -9.9800520E+00  1.7307367E+00 -4.8451091E-02  1.0098400E-02
   12 -1.0157272E+01  1.7248354E+00 -4.4326857E-02  8.9890049E-03
   13    4
    1 -9.4728930E+00  1.6958117E+00 -2.7101903E-02  5.5067712E-03
    2 -1.0792938E+01  1.7507395E+00 -5.9826955E-02  1.2305278E-02
    3 -9.0178155E+00  1.7728715E+00 -7.0208768E-02  1.3963040E-02
    4 -1.0374423E+01  1.7307367E+00 -4.8451091E-02  1.0098400E-02
    5 -1.0354705E+01  1.7307367E+00 -4.8451091E-02  1.0098400E-02
    6 -1.0650321E+01  1.9058931E+00 -1.1439494E-01  1.7933197E-02
    7 -1.0800386E+01  1.7507395E+00 -5.9826955E-02  1.2305278E-02
    8 -1.0807494E+01  1.7507395E+00 -5.9826955E-02  1.2305278E-02
    9 -1.0696046E+01  1.8878276E+00 -1.1088433E-01  1.8149846E-02
   10 -1.0324414E+01  1.7307367E+00 -4.8451091E-02  1.0098400E-02
   11 -1.0302992E+01  1.7307367E+00 -4.8451091E-02  1.0098400E-02
   12 -1.0458559E+01  1.7248354E+00 -4.4326857E-02  8.9890049E-03
   13 -1.0820892E+01  1.7248354E+00 -4.4326857E-02  8.9890049E-03
   14    4
    1 -9.4718017E+00  1.6958117E+00 -2.7101903E-02  5.5067712E-03
    2 -1.0784058E+01  1.7507395E+00 -5.9826955E-02  1.2305278E-02
    3 -9.0172518E+00  1.7728715E+00 -7.0208768E-02  1.3963040E-02
    4 -1.0368182E+01  1.7307367E+00 -4.8451091E-02  1.0098400E-02
    5 -1.0348704E+01  1.7307367E+00 -4.8451091E-02  1.0098400E-02
    6 -1.0643851E+01  1.9058931E+00 -1.1439494E-01  1.7933197E-02
    7 -1.0791374E+01  1.7507395E+00 -5.9826955E-02  1.2305278E-02
    8 -1.0798355E+01  1.7507395E+00 -5.9826955E-02  1.2305278E-02
    9 -1.0689800E+01  1.8878276E+00 -1.1088433E-01  1.8149846E-02
   10 -1.0318408E+01  1.7307367E+00 -4.8451091E-02  1.0098400E-02
   11 -1.0297236E+01  1.7307367E+00 -4.8451091E-02  1.0098400E-02
   12 -1.0453066E+01  1.7248354E+00 -4.4326857E-02  8.9890049E-03
   13 -1.0812283E+01  1.7248354E+00 -4.4326857E-02  8.9890049E-03
   14 -1.0803820E+01  1.7248354E+00 -4.4326857E-02  8.9890049E-03
   15    4
    1 -9.4308289E+00  1.7156046E+00 -3.8650960E-02  7.8978109E-03
    2 -1.0781004E+01  1.7884107E+00 -7.6382786E-02  1.4587746E-02
    3 -8.9826925E+00  1.8155761E+00 -8.8004369E-02  1.6338529E-02
    4 -1.0345154E+01  1.7631062E+00 -6.3527887E-02  1.2305278E-02
    5 -1.0325211E+01  1.7631062E+00 -6.3527887E-02  1.2305278E-02
    6 -1.0663933E+01  1.9555320E+00 -1.1672306E-01  1.4868015E-02
    7 -1.0788576E+01  1.7884107E+00 -7.6382786E-02  1.4587746E-02
    8 -1.0795806E+01  1.7884107E+00 -7.6382786E-02  1.4587746E-02
    9 -1.0709740E+01  1.9402189E+00 -1.1949720E-01  1.7037851E-02
   10 -1.0293405E+01  1.7631062E+00 -6.3527887E-02  1.2305278E-02
   11 -1.0271749E+01  1.7631062E+00 -6.3527887E-02  1.2305278E-02
   12 -1.0433917E+01  1.7560007E+00 -6.1428690E-02  1.2305278E-02
   13 -1.0805100E+01  1.7560007E+00 -6.1428690E-02  1.2305278E-02
   14 -1.0796354E+01  1.7560007E+00 -6.1428690E-02  1.2305278E-02
   15 -1.0795092E+01  1.7951214E+00 -7.8281623E-02  1.4587746E-02
   16    4
    1 -9.4506031E+00  1.7088596E+00 -3.6525108E-02  7.8978109E-03
    2 -1.0784001E+01  1.7734309E+00 -7.0375429E-02  1.3963040E-02
    3 -9.0009849E+00  1.7980866E+00 -7.9106137E-02  1.4587746E-02
    4 -1.0357047E+01  1.7520036E+00 -6.0215678E-02  1.2305278E-02
    5 -1.0337335E+01  1.7520036E+00 -6.0215678E-02  1.2305278E-02
    6 -1.0276853E+01  1.9506911E+00 -1.1579442E-01  1.4868015E-02
    7 -1.0791445E+01  1.7734309E+00 -7.0375429E-02  1.3963040E-02
    8 -1.0798551E+01  1.7734309E+00 -7.0375429E-02  1.3963040E-02
    9 -1.0445783E+01  1.9299872E+00 -1.1728855E-01  1.7037851E-02
   10 -1.0306182E+01  1.7520036E+00 -6.0215678E-02  1.2305278E-02
   11 -1.0284766E+01  1.7520036E+00 -6.0215678E-02  1.2305278E-02
   12 -1.0444189E+01  1.7451216E+00 -5.6612057E-02  1.1547496E-02
   13 -1.0809817E+01  1.7451216E+00 -5.6612057E-02  1.1547496E-02
   14 -1.0801211E+01  1.7451216E+00 -5.6612057E-02  1.1547496E-02
   15 -1.0797390E+01  1.7796167E+00 -7.2192950E-02  1.3963040E-02
   16 -1.0800723E+01  1.7642966E+00 -6.3872807E-02  1.2305278E-02
   17    4
    1 -9.5058600E+00  1.7504273E+00 -5.9730546E-02  1.2305278E-02
    2 -1.0957608E+01  1.8383854E+00 -9.5383574E-02  1.6779262E-02
    3 -9.0823086E+00  1.8694648E+00 -1.0628024E-01  1.8149846E-02
    4 -1.0485911E+01  1.8106866E+00 -8.6632024E-02  1.6338529E-02
    5 -1.0463424E+01  1.8106866E+00 -8.6632024E-02  1.6338529E-02
    6 -1.0859409E+01  1.9945754E+00 -9.5130029E-02  4.7454914E-03
    7 -1.0966695E+01  1.8383854E+00 -9.5383574E-02  1.6779262E-02
    8 -1.0975398E+01  1.8383854E+00 -9.5383574E-02  1.6779262E-02
    9 -1.0898605E+01  1.9887011E+00 -1.1096649E-01  1.0630723E-02
   10 -1.0431722E+01  1.8106866E+00 -8.6632024E-02  1.6338529E-02
   11 -1.0407426E+01  1.8106866E+00 -8.6632024E-02  1.6338529E-02
   12 -1.0564380E+01  1.7988567E+00 -7.9318859E-02  1.4587746E-02
   13 -1.0969309E+01  1.7988567E+00 -7.9318859E-02  1.4587746E-02
   14 -1.0958910E+01  1.7988567E+00 -7.9318859E-02  1.4587746E-02
   15 -1.0971924E+01  1.8474622E+00 -1.0021574E-01  1.7922621E-02
   16 -1.0968599E+01  1.8283324E+00 -9.1487836E-02  1.6338529E-02
   17 -1.1183137E+01  1.9035193E+00 -1.1383537E-01  1.7933197E-02
   18    4
    1 -9.6237087E+00  1.7596034E+00 -6.2501867E-02  1.2305278E-02
    2 -1.1066040E+01  1.8538663E+00 -1.0191924E-01  1.7922621E-02
    3 -9.2250038E+00  1.8857289E+00 -1.1036784E-01  1.8149846E-02
    4 -1.0605957E+01  1.8239700E+00 -9.0311689E-02  1.6338529E-02
    5 -1.0583736E+01  1.8239700E+00 -9.0311689E-02  1.6338529E-02
    6 -1.0995497E+01  2.0089387E+00 -9.6198780E-02  4.7454914E-03
    7 -1.1074960E+01  1.8538663E+00 -1.0191924E-01  1.7922621E-02
    8 -1.1083500E+01  1.8538663E+00 -1.0191924E-01  1.7922621E-02
    9 -1.1029200E+01  1.9923771E+00 -9.4965391E-02  4.7454914E-03
   10 -1.0553648E+01  1.8239700E+00 -9.0311689E-02  1.6338529E-02
   11 -1.0529627E+01  1.8239700E+00 -9.0311689E-02  1.6338529E-02
   12 -1.0676036E+01  1.8138575E+00 -8.7524448E-02  1.6338529E-02
   13 -1.1071043E+01  1.8138575E+00 -8.7524448E-02  1.6338529E-02
   14 -1.1060825E+01  1.8138575E+00 -8.7524448E-02  1.6338529E-02
   15 -1.1081238E+01  1.8628119E+00 -1.0425217E-01  1.7922621E-02
   16 -1.1074693E+01  1.8445370E+00 -9.9427939E-02  1.7922621E-02
   17 -1.1294425E+01  1.9210070E+00 -1.1823566E-01  1.8095788E-02
   18 -1.1402936E+01  1.9356308E+00 -1.1851189E-01  1.7037851E-02
   19    4
    1 -9.6251081E+00  1.7596034E+00 -6.2501867E-02  1.2305278E-02
    2 -1.1079655E+01  1.8538663E+00 -1.0191924E-01  1.7922621E-02
    3 -9.2257187E+00  1.8857289E+00 -1.1036784E-01  1.8149846E-02
    4 -1.0614930E+01  1.8239700E+00 -9.0311689E-02  1.6338529E-02
    5 -1.0592316E+01  1.8239700E+00 -9.0311689E-02  1.6338529E-02
    6 -1.1004850E+01  2.0089387E+00 -9.6198780E-02  4.7454914E-03
    7 -1.1088824E+01  1.8538663E+00 -1.0191924E-01  1.7922621E-02
    8 -1.1097606E+01  1.8538663E+00 -1.0191924E-01  1.7922621E-02
    9 -1.1038182E+01  1.9923771E+00 -9.4965391E-02  4.7454914E-03
   10 -1.0562237E+01  1.8239700E+00 -9.0311689E-02  1.6338529E-02
   11 -1.0537809E+01  1.8239700E+00 -9.0311689E-02  1.6338529E-02
   12 -1.0683798E+01  1.8138575E+00 -8.7524448E-02  1.6338529E-02
   13 -1.1084154E+01  1.8138575E+00 -8.7524448E-02  1.6338529E-02
   14 -1.1073667E+01  1.8138575E+00 -8.7524448E-02  1.6338529E-02
   15 -1.1094604E+01  1.8628119E+00 -1.0425217E-01  1.7922621E-02
   16 -1.1087797E+01  1.8445370E+00 -9.9427939E-02  1.7922621E-02
   17 -1.1311003E+01  1.9210070E+00 -1.1823566E-01  1.8095788E-02
   18 -1.1419149E+01  1.9356308E+00 -1.1851189E-01  1.7037851E-02
   19 -1.1435905E+01  1.9356308E+00 -1.1851189E-01  1.7037851E-02
   20    4
    1 -9.4480308E+00  1.7088483E+00 -3.6521463E-02  7.8978109E-03
    2 -1.0765647E+01  1.7734092E+00 -7.0368986E-02  1.3963040E-02
    3 -8.9994316E+00  1.7980623E+00 -7.9099406E-02  1.4587746E-02
    4 -1.0343989E+01  1.7519850E+00 -6.0209999E-02  1.2305278E-02
    5 -1.0324762E+01  1.7519850E+00 -6.0209999E-02  1.2305278E-02
    6 -1.0262923E+01  1.9506709E+00 -1.1579053E-01  1.4868015E-02
    7 -1.0772826E+01  1.7734092E+00 -7.0368986E-02  1.3963040E-02
    8 -1.0779675E+01  1.7734092E+00 -7.0368986E-02  1.3963040E-02
    9 -1.0432442E+01  1.9299617E+00 -1.1728299E-01  1.7037851E-02
   10 -1.0293592E+01  1.7519850E+00 -6.0209999E-02  1.2305278E-02
   11 -1.0272683E+01  1.7519850E+00 -6.0209999E-02  1.2305278E-02
   12 -1.0432667E+01  1.7451042E+00 -5.6606728E-02  1.1547496E-02
   13 -1.0792025E+01  1.7451042E+00 -5.6606728E-02  1.1547496E-02
   14 -1.0783713E+01  1.7451042E+00 -5.6606728E-02  1.1547496E-02
   15 -1.0779305E+01  1.7795945E+00 -7.2186507E-02  1.3963040E-02
   16 -1.0782929E+01  1.7642769E+00 -6.3867129E-02  1.2305278E-02
   17 -1.0947188E+01  1.8283042E+00 -9.1480296E-02  1.6338529E-02
   18 -1.1053654E+01  1.8445064E+00 -9.9419669E-02  1.7922621E-02
   19 -1.1066220E+01  1.8445064E+00 -9.9419669E-02  1.7922621E-02
   20 -1.0765725E+01  1.7642573E+00 -6.3861450E-02  1.2305278E-02
   21    4
    1 -9.4317904E+00  1.7156046E+00 -3.8650960E-02  7.8978109E-03
    2 -1.0789061E+01  1.7884107E+00 -7.6382786E-02  1.4587746E-02
    3 -8.9831881E+00  1.8155761E+00 -8.8004369E-02  1.6338529E-02
    4 -1.0350759E+01  1.7631062E+00 -6.3527887E-02  1.2305278E-02
    5 -1.0330596E+01  1.7631062E+00 -6.3527887E-02  1.2305278E-02
    6 -1.0669750E+01  1.9555320E+00 -1.1672306E-01  1.4868015E-02
    7 -1.0796757E+01  1.7884107E+00 -7.6382786E-02  1.4587746E-02
    8 -1.0804107E+01  1.7884107E+00 -7.6382786E-02  1.4587746E-02
    9 -1.0715350E+01  1.9402189E+00 -1.1949720E-01  1.7037851E-02
   10 -1.0298796E+01  1.7631062E+00 -6.3527887E-02  1.2305278E-02
   11 -1.0276910E+01  1.7631062E+00 -6.3527887E-02  1.2305278E-02
   12 -1.0438838E+01  1.7560007E+00 -6.1428690E-02  1.2305278E-02
   13 -1.0812904E+01  1.7560007E+00 -6.1428690E-02  1.2305278E-02
   14 -1.0804021E+01  1.7560007E+00 -6.1428690E-02  1.2305278E-02
   15 -1.0803024E+01  1.7951214E+00 -7.8281623E-02  1.4587746E-02
   16 -1.0805190E+01  1.7796167E+00 -7.2192950E-02  1.3963040E-02
   17 -1.0981415E+01  1.8474622E+00 -1.0021574E-01  1.7922621E-02
   18 -1.1090557E+01  1.8628119E+00 -1.0425217E-01  1.7922621E-02
   19 -1.1104178E+01  1.8628119E+00 -1.0425217E-01  1.7922621E-02
   20 -1.0786830E+01  1.7795945E+00 -7.2186507E-02  1.3963040E-02
   21 -1.0811084E+01  1.7951214E+00 -7.8281623E-02  1.4587746E-02
   22    4
    1 -9.4037566E+00  1.7254415E+00 -4.4510844E-02  8.9890049E-03
    2 -1.0816223E+01  1.8011167E+00 -8.2422980E-02  1.5768260E-02
    3 -8.9515626E+00  1.8293321E+00 -9.1755247E-02  1.6338529E-02
    4 -1.0354438E+01  1.7763832E+00 -7.1248664E-02  1.3963040E-02
    5 -1.0332817E+01  1.7763832E+00 -7.1248664E-02  1.3963040E-02
    6 -1.0688452E+01  1.9736575E+00 -1.2013635E-01  1.4868015E-02
    7 -1.0824774E+01  1.8011167E+00 -8.2422980E-02  1.5768260E-02
    8 -1.0832954E+01  1.8011167E+00 -8.2422980E-02  1.5768260E-02
    9 -1.0733899E+01  1.9531760E+00 -1.1627204E-01  1.4868015E-02
   10 -1.0300184E+01  1.7763832E+00 -7.1248664E-02  1.3963040E-02
   11 -1.0276783E+01  1.7763832E+00 -7.1248664E-02  1.3963040E-02
   12 -1.0441636E+01  1.7656184E+00 -6.4253644E-02  1.2305278E-02
   13 -1.0838386E+01  1.7656184E+00 -6.4253644E-02  1.2305278E-02
   14 -1.0828569E+01  1.7656184E+00 -6.4253644E-02  1.2305278E-02
   15 -1.0830210E+01  1.8099872E+00 -8.6433938E-02  1.6338529E-02
   16 -1.0831661E+01  1.7930625E+00 -7.7703988E-02  1.4587746E-02
   17 -1.1023920E+01  1.8631149E+00 -1.0433028E-01  1.7922621E-02
   18 -1.1134980E+01  1.8787125E+00 -1.0862330E-01  1.8149846E-02
   19 -1.1150395E+01  1.8787125E+00 -1.0862330E-01  1.8149846E-02
   20 -1.0811416E+01  1.7930386E+00 -7.7697257E-02  1.4587746E-02
   21 -1.0839150E+01  1.8099872E+00 -8.6433938E-02  1.6338529E-02
   22 -1.0873658E+01  1.8235028E+00 -9.0184815E-02  1.6338529E-02
 Thermal diffusion ratio
    1    4
    2    4
    1 -4.8213359E+00  1.0366311E-01 -1.5227121E-02  7.3014928E-04
    3    4
    1  1.8275566E+00 -3.6452112E-02  4.7005177E-03 -1.9598544E-04
    2  5.2201112E+00 -1.1800551E-01  1.5847210E-02 -7.2140371E-04
    4    4
    1 -4.2787992E+00  7.3218254E-02 -9.2038229E-03  3.6323111E-04
    2  1.6904836E+00 -3.9081015E-02  5.5309358E-03 -2.5811709E-04
    3 -4.9249494E+00  1.1408309E-01 -1.5743837E-02  7.2230146E-04
    5    4
    1 -4.2144095E+00  7.2116426E-02 -9.0653189E-03  3.5776502E-04
    2  1.8420333E+00 -4.2584579E-02  6.0267773E-03 -2.8125696E-04
    3 -4.8881676E+00  1.1323107E-01 -1.5626255E-02  7.1690699E-04
    4  1.6839319E-01 -4.0181942E-03  5.8968469E-04 -2.8283726E-05
    6    4
    1 -4.4468934E+00  8.4917863E-02 -9.9651895E-03  4.1068560E-04
    2  1.5488608E+00 -1.3033820E-02  3.6975658E-04  1.7845491E-05
    3 -4.9501216E+00  3.6722287E-02 -7.1754040E-04 -5.8564867E-05
    4 -1.5996035E-01  2.1793283E-03 -1.8953365E-04  5.9154875E-06
    5 -3.2940150E-01  4.4878248E-03 -3.9030090E-04  1.2181584E-05
    7    4
    1 -4.8399954E+00  1.0406431E-01 -1.5286052E-02  7.3297509E-04
    2 -8.5990463E-02  2.0050030E-03 -2.7851561E-04  1.2861827E-05
    3 -5.2301741E+00  1.1823299E-01 -1.5877759E-02  7.2279437E-04
    4 -1.7677833E+00  4.0868049E-02 -5.7838456E-03  2.6991985E-04
    5 -1.9178058E+00  4.4336306E-02 -6.2746902E-03  2.9282653E-04
    6 -1.6305384E+00  1.7390439E-02 -1.0969932E-03  2.0316421E-05
    8    4
    1 -4.8576108E+00  1.0444305E-01 -1.5341687E-02  7.3564278E-04
    2 -1.6935486E-01  3.9487752E-03 -5.4852564E-04  2.5330867E-05
    3 -5.2396578E+00  1.1844738E-01 -1.5906550E-02  7.2410499E-04
    4 -1.8420288E+00  4.2584473E-02 -6.0267624E-03  2.8125626E-04
    5 -1.9905240E+00  4.6017423E-02 -6.5126102E-03  3.0392975E-04
    6 -1.7064560E+00  1.8200134E-02 -1.1480690E-03  2.1262350E-05
    7 -8.3403897E-02  1.9446932E-03 -2.7013795E-04  1.2474947E-05
    9    4
    1 -4.3822476E+00  8.5281211E-02 -9.8814950E-03  3.8834892E-04
    2  1.6940680E+00 -1.8812185E-02  1.2355534E-03 -2.3825045E-05
    3 -4.9204400E+00  4.1540193E-02 -1.1822734E-03 -5.7244761E-05
    4 -3.9239494E-03  6.2148192E-05 -6.2827762E-06  2.3008055E-07
    5 -1.7387907E-01  2.7539270E-03 -2.7840402E-04  1.0195390E-05
    6  1.6442013E-01 -6.1637450E-03  9.6236958E-04 -4.8821324E-05
    7  1.7717280E+00 -2.0606395E-02  1.4174929E-03 -2.8627910E-05
    8  1.8463210E+00 -2.1473962E-02  1.4771719E-03 -2.9833197E-05
   10    4
    1 -4.2160262E+00  7.2144091E-02 -9.0687965E-03  3.5790226E-04
    2  1.8383511E+00 -4.2499451E-02  6.0147296E-03 -2.8069472E-04
    3 -4.8890940E+00  1.1325253E-01 -1.5629216E-02  7.1704285E-04
    4  1.6426438E-01 -3.9196728E-03  5.7522631E-04 -2.7590242E-05
    5 -4.1325648E-03  9.8611163E-05 -1.4471548E-05  6.9411555E-07
    6  3.2418870E-01 -2.6612806E-03  7.3649247E-05  3.4674833E-06
    7  1.9141622E+00 -4.4252071E-02  6.2627689E-03 -2.9227019E-04
    8  1.9869189E+00 -4.5934079E-02  6.5008149E-03 -3.0337929E-04
    9  1.6922536E-01 -1.9331781E-03  1.3061474E-04 -2.5909700E-06
   11    4
    1 -4.1442010E+00  7.0915028E-02 -8.9142983E-03  3.5180495E-04
    2  1.9962431E+00 -4.6149637E-02  6.5313217E-03 -3.0480298E-04
    3 -4.8477978E+00  1.1229593E-01 -1.5497203E-02  7.1098627E-04
    4  3.4300287E-01 -8.1847265E-03  1.2011385E-03 -5.7611590E-05
    5  1.7494204E-01 -4.1744629E-03  6.1261768E-04 -2.9383688E-05
    6  5.0478383E-01 -6.8772649E-03  5.9810773E-04 -1.8667391E-05
    7  2.0703313E+00 -4.7862426E-02  6.7737240E-03 -3.1611539E-04
    8  2.1413731E+00 -4.9504790E-02  7.0061593E-03 -3.2696265E-04
    9  3.5010063E-01 -5.5449546E-03  5.6055868E-04 -2.0528131E-05
   10  1.7907035E-01 -4.2729725E-03  6.2707432E-04 -3.0077088E-05
   12    4
    1 -4.0633387E+00  7.3599757E-02 -9.7931218E-03  4.0910221E-04
    2  2.1610539E+00 -5.2883035E-02  7.9221861E-03 -3.9134435E-04
    3 -4.8009569E+00  1.1771809E-01 -1.7196038E-02  8.3508790E-04
    4  5.3220947E-01 -1.2592968E-02  1.9155861E-03 -9.6029034E-05
    5  3.6525852E-01 -8.6426287E-03  1.3146781E-03 -6.5905296E-05
    6  6.9561993E-01 -1.0031785E-02  9.2350186E-04 -3.0509695E-05
    7  2.2331970E+00 -5.4648444E-02  8.1866547E-03 -4.0440871E-04
    8  2.3023115E+00 -5.6339740E-02  8.4400207E-03 -4.1692461E-04
    9  5.4208598E-01 -8.9393436E-03  9.3087927E-04 -3.4665657E-05
   10  3.6936379E-01 -8.7397663E-03  1.3294543E-03 -6.6646030E-05
   11  1.9109632E-01 -4.5216591E-03  6.8781462E-04 -3.4480399E-05
   13    4
    1 -4.7464333E+00  8.5972732E-02 -1.1439459E-02  4.7787706E-04
    2  1.7550079E-01 -4.2946705E-03  6.4336662E-04 -3.1781365E-05
    3 -5.1853232E+00  1.2714265E-01 -1.8572759E-02  9.0194534E-04
    4 -1.5232333E+00  3.6042253E-02 -5.4825868E-03  2.7484409E-04
    5 -1.6770835E+00  3.9682607E-02 -6.0363411E-03  3.0260399E-04
    6 -1.3897645E+00  2.0042294E-02 -1.8450451E-03  6.0954684E-05
    7  2.6105781E-01 -6.3883315E-03  9.5700922E-04 -4.7274848E-05
    8  3.4392163E-01 -8.4160876E-03  1.2607789E-03 -6.2280622E-05
    9 -1.5367553E+00  2.5342076E-02 -2.6389424E-03  9.8273400E-05
   10 -1.6733422E+00  3.9594079E-02 -6.0228748E-03  3.0192892E-04
   11 -1.8339124E+00  4.3393441E-02 -6.6008167E-03  3.3090136E-04
   12 -1.9949393E+00  4.1367486E-02 -5.5457426E-03  2.4038946E-04
   14    4
    1 -4.7242468E+00  8.5570867E-02 -1.1385988E-02  4.7564330E-04
    2  2.6968273E-01 -6.5993915E-03  9.8862722E-04 -4.8836731E-05
    3 -5.1732319E+00  1.2684617E-01 -1.8529451E-02  8.9984215E-04
    4 -1.4360999E+00  3.3980530E-02 -5.1689667E-03  2.5912219E-04
    5 -1.5914439E+00  3.7656229E-02 -5.7280976E-03  2.8715163E-04
    6 -1.3004447E+00  1.8754180E-02 -1.7264644E-03  5.7037140E-05
    7  3.5509958E-01 -8.6896226E-03  1.3017560E-03 -6.4304833E-05
    8  4.3778465E-01 -1.0713005E-02  1.6048704E-03 -7.9278238E-05
    9 -1.4486077E+00  2.3888466E-02 -2.4875739E-03  9.2636484E-05
   10 -1.5876644E+00  3.7566800E-02 -5.7144941E-03  2.8646969E-04
   11 -1.7499490E+00  4.1406725E-02 -6.2986064E-03  3.1575145E-04
   12 -1.9132251E+00  3.9673044E-02 -5.3185849E-03  2.3054293E-04
   13  9.3596897E-02 -1.9408452E-03  2.6019052E-04 -1.1278392E-05
   15    4
    1 -4.8020021E+00  9.8863425E-02 -1.3905470E-02  6.3846338E-04
    2  8.6747465E-02 -1.9773179E-03  2.6499748E-04 -1.1773996E-05
    3 -5.2103328E+00  1.1322701E-01 -1.4584334E-02  6.3646453E-04
    4 -1.6118127E+00  3.5680087E-02 -4.8352079E-03  2.1606765E-04
    5 -1.7648509E+00  3.9067835E-02 -5.2943006E-03  2.3658281E-04
    6 -1.4686878E+00  1.2674100E-02 -3.6871401E-04 -1.8248643E-05
    7  1.7275696E-01 -3.9378146E-03  5.2774061E-04 -2.3447830E-05
    8  2.5610004E-01 -5.8375328E-03  7.8233829E-04 -3.4759756E-05
    9 -1.6150319E+00  1.7986329E-02 -1.1847258E-03  2.2910948E-05
   10 -1.7611309E+00  3.8985487E-02 -5.2831411E-03  2.3608414E-04
   11 -1.9207106E+00  4.2518044E-02 -5.7618576E-03  2.5747621E-04
   12 -2.0874362E+00  4.8912565E-02 -7.0162583E-03  3.3187616E-04
   13 -8.9166352E-02  2.0893357E-03 -2.9970456E-04  1.4176331E-05
   14 -1.8344396E-01  4.2984378E-03 -6.1658901E-04  2.9165288E-05
   16    4
    1 -4.7809853E+00  1.0767058E-01 -1.6565836E-02  8.3201280E-04
    2  1.7824764E-01 -4.3532269E-03  6.3338619E-04 -3.0636877E-05
    3 -5.1887289E+00  1.1113603E-01 -1.3995691E-02  5.8431990E-04
    4 -1.5278919E+00  3.6997320E-02 -5.4843584E-03  2.6808144E-04
    5 -1.6824444E+00  4.0739752E-02 -6.0391240E-03  2.9519898E-04
    6 -1.3832376E+00  1.2187828E-02 -3.6202679E-04 -1.8294625E-05
    7  2.6410647E-01 -6.4501015E-03  9.3847745E-04 -4.5394135E-05
    8  3.4726163E-01 -8.4809463E-03  1.2339615E-03 -5.9686691E-05
    9 -1.5307233E+00  1.7800177E-02 -1.2242380E-03  2.4720500E-05
   10 -1.6786860E+00  4.0648742E-02 -6.0256329E-03  2.9453953E-04
   11 -1.8399927E+00  4.4554724E-02 -6.6046426E-03  3.2284215E-04
   12 -2.0043278E+00  4.5850801E-02 -6.4507115E-03  2.9661708E-04
   13  2.1124197E-03 -4.8323500E-05  6.7985935E-06 -3.1261341E-07
   14 -9.2011561E-02  2.1048472E-03 -2.9612923E-04  1.3616635E-05
   15  9.1607604E-02 -2.1422764E-03  2.9846214E-04 -1.3823614E-05
   17    4
    1 -5.0619217E+00  1.2419393E-01 -1.8653625E-02  9.2387130E-04
    2 -9.9813719E-01  1.9128738E-02 -2.1827061E-03  8.4476193E-05
    3 -5.3253200E+00  9.5566529E-02 -1.0829694E-02  4.3887910E-04
    4 -2.5588840E+00  5.7186641E-02 -7.5751391E-03  3.3996769E-04
    5 -2.6908792E+00  6.0136508E-02 -7.9658886E-03  3.5750430E-04
    6 -2.4182701E+00  1.1266873E-02  9.2299625E-04 -1.0148035E-04
    7 -9.1448474E-01  1.7525586E-02 -1.9997766E-03  7.7396365E-05
    8 -8.3293982E-01  1.5962823E-02 -1.8214558E-03  7.0494904E-05
    9 -2.5416970E+00  1.3495795E-02  7.6542316E-04 -9.9096440E-05
   10 -2.6876866E+00  6.0065159E-02 -7.9564375E-03  3.5708013E-04
   11 -2.8239382E+00  6.3110145E-02 -8.3597869E-03  3.7518221E-04
   12 -2.9589352E+00  6.3069351E-02 -7.9039981E-03  3.2839170E-04
   13 -1.1660332E+00  2.4853860E-02 -3.1147436E-03  1.2940995E-04
   14 -1.2562582E+00  2.6776994E-02 -3.3557553E-03  1.3942339E-04
   15 -1.0836633E+00  2.1935816E-02 -2.7287102E-03  1.1920609E-04
   16 -1.1703674E+00  2.3688746E-02 -2.8419340E-03  1.1551461E-04
   18    4
    1 -5.0418433E+00  1.1475490E-01 -1.5989359E-02  7.3464277E-04
    2 -8.7996843E-01  1.7257068E-02 -2.0797498E-03  8.8022276E-05
    3 -5.3147633E+00  8.8479155E-02 -9.3013991E-03  3.4968253E-04
    4 -2.4608995E+00  5.1019336E-02 -6.2694258E-03  2.6101877E-04
    5 -2.5956303E+00  5.3812574E-02 -6.6126682E-03  2.7530918E-04
    6 -2.3183005E+00  1.0019943E-02  7.6148042E-04 -7.7667209E-05
    7 -7.9558689E-01  1.5602261E-02 -1.8803194E-03  7.9581683E-05
    8 -7.1338551E-01  1.3990209E-02 -1.6860416E-03  7.1359169E-05
    9 -2.4448303E+00  1.1523111E-02  9.5496771E-04 -1.0621678E-04
   10 -2.5923698E+00  5.3744978E-02 -6.6043618E-03  2.7496336E-04
   11 -2.7315917E+00  5.6631325E-02 -6.9590456E-03  2.8973012E-04
   12 -2.8756511E+00  6.3106343E-02 -8.2084633E-03  3.6174432E-04
   13 -1.0501687E+00  2.3046018E-02 -2.9976764E-03  1.3210663E-04
   14 -1.1414064E+00  2.5048234E-02 -3.2581117E-03  1.4358393E-04
   15 -9.6461495E-01  1.8113834E-02 -2.0903111E-03  8.4712768E-05
   16 -1.0535703E+00  2.1641444E-02 -2.7318264E-03  1.2110369E-04
   17  1.2295375E-01 -1.6239739E-03  1.3298883E-04 -3.6950241E-06
   19    4
    1 -5.0714601E+00  1.1542899E-01 -1.6083284E-02  7.3895821E-04
    2 -1.0579496E+00  2.0747459E-02 -2.5003971E-03  1.0582554E-04
    3 -5.3303282E+00  8.8738276E-02 -9.3286392E-03  3.5070661E-04
    4 -2.6061430E+00  5.4030524E-02 -6.6394506E-03  2.7642423E-04
    5 -2.7367828E+00  5.6738946E-02 -6.9722704E-03  2.9028072E-04
    6 -2.4665233E+00  1.0660578E-02  8.1016640E-04 -8.2632936E-05
    7 -9.7448958E-01  1.9110723E-02 -2.3031446E-03  9.7477123E-05
    8 -8.9310606E-01  1.7514710E-02 -2.1107998E-03  8.9336419E-05
    9 -2.5894034E+00  1.2204521E-02  1.0114390E-03 -1.1249782E-04
   10 -2.7336238E+00  5.6673453E-02 -6.9642225E-03  2.8994565E-04
   11 -2.8684076E+00  5.9467790E-02 -7.3075999E-03  3.0424169E-04
   12 -3.0076445E+00  6.6002946E-02 -8.5852347E-03  3.7834851E-04
   13 -1.2257961E+00  2.6900172E-02 -3.4989998E-03  1.5419979E-04
   14 -1.3157622E+00  2.8874484E-02 -3.7558054E-03  1.6551713E-04
   15 -1.1415884E+00  2.1437095E-02 -2.4738108E-03  1.0025463E-04
   16 -1.2293950E+00  2.5253069E-02 -3.1877263E-03  1.4131403E-04
   17 -6.0210931E-02  7.9526637E-04 -6.5125148E-05  1.8094677E-06
   18 -1.8288780E-01  2.0764334E-03 -1.3943287E-04  2.7489208E-06
   20    4
    1 -4.7352786E+00  1.0665764E-01 -1.6412513E-02  8.2443904E-04
    2  3.6833449E-01 -8.9969791E-03  1.3092446E-03 -6.3337878E-05
    3 -5.1639559E+00  1.1062244E-01 -1.3933156E-02  5.8179855E-04
    4 -1.3509045E+00  3.2716671E-02 -4.8505555E-03  2.3713693E-04
    5 -1.5084022E+00  3.6531005E-02 -5.4160665E-03  2.6478398E-04
    6 -1.2032714E+00  1.0603056E-02 -3.1498025E-04 -1.5918569E-05
    7  4.5385752E-01 -1.1085974E-02  1.6132362E-03 -7.8044203E-05
    8  5.3660092E-01 -1.3107073E-02  1.9073475E-03 -9.2272551E-05
    9 -1.3529241E+00  1.5734329E-02 -1.0822733E-03  2.1856244E-05
   10 -1.5045685E+00  3.6438158E-02 -5.4023010E-03  2.6411101E-04
   11 -1.6692678E+00  4.0426902E-02 -5.9936701E-03  2.9302222E-04
   12 -1.8378707E+00  4.2049413E-02 -5.9168074E-03  2.7210892E-04
   13  1.9151599E-01 -4.3817745E-03  6.1656308E-04 -2.8355210E-05
   14  9.7450390E-02 -2.2296083E-03  3.1373001E-04 -1.4428175E-05
   15  2.8194116E-01 -6.5943085E-03  9.1886100E-04 -4.2564642E-05
   16  1.8981813E-01 -4.1634949E-03  5.5905725E-04 -2.4753686E-05
   17  1.3515991E+00 -2.7361165E-02  3.2830183E-03 -1.3346366E-04
   18  1.2367796E+00 -2.5408663E-02  3.2078605E-03 -1.4222848E-04
   19  1.4099491E+00 -2.8966294E-02  3.6570138E-03 -1.6214280E-04
   21    4
    1 -4.8217740E+00  9.9270489E-02 -1.3962724E-02  6.4109222E-04
    2 -1.9936830E-03  4.5443921E-05 -6.0903332E-06  2.7059713E-07
    3 -5.2210159E+00  1.1345916E-01 -1.4614238E-02  6.3776952E-04
    4 -1.6922828E+00  3.7461423E-02 -5.0766067E-03  2.2685488E-04
    5 -1.8437977E+00  4.0815452E-02 -5.5311299E-03  2.4716584E-04
    6 -1.5506952E+00  1.3381787E-02 -3.8930197E-04 -1.9267596E-05
    7  8.4058159E-02 -1.9160179E-03  2.5678215E-04 -1.1408984E-05
    8  1.6748298E-01 -3.8175996E-03  5.1162956E-04 -2.2732006E-05
    9 -1.6958756E+00  1.8886671E-02 -1.2440296E-03  2.4057802E-05
   10 -1.8401163E+00  4.0733958E-02 -5.5200862E-03  2.4667234E-04
   11 -1.9979690E+00  4.4228282E-02 -5.9936216E-03  2.6783289E-04
   12 -2.1627353E+00  5.0676964E-02 -7.2693524E-03  3.4384777E-04
   13 -1.7748398E-01  4.1587841E-03 -5.9655640E-04  2.8217725E-05
   14 -2.7166317E-01  6.3655801E-03 -9.1311005E-04  4.3191035E-05
   15 -8.8740650E-02  1.9368624E-03 -2.4855384E-04  1.0574481E-05
   16 -1.8023783E-01  4.2149257E-03 -5.8722384E-04  2.7197941E-05
   17  9.9773928E-01 -2.0196519E-02  2.5123499E-03 -1.0975420E-04
   18  8.7801812E-01 -1.6487692E-02  1.9026566E-03 -7.7107809E-05
   19  1.0560215E+00 -1.9830294E-02  2.2883882E-03 -9.2740120E-05
   20 -3.7031793E-01  8.6613486E-03 -1.2068855E-03  5.5906878E-05
   22    4
    1 -4.9562347E+00  1.0207474E-01 -1.3591138E-02  5.8512476E-04
    2 -6.1425687E-01  1.4337951E-02 -1.9881639E-03  9.3452792E-05
    3 -5.2866946E+00  1.0642282E-01 -1.2698058E-02  5.1332319E-04
    4 -2.2336940E+00  5.3426627E-02 -7.6131011E-03  3.6064843E-04
    5 -2.3738528E+00  5.6779014E-02 -8.0908042E-03  3.8327822E-04
    6 -2.0961374E+00  1.6756117E-02 -4.5155626E-04 -2.0702308E-05
    7 -5.2895314E-01  1.2346796E-02 -1.7120615E-03  8.0474717E-05
    8 -4.4597452E-01  1.0409914E-02 -1.4434848E-03  6.7850383E-05
    9 -2.2280017E+00  1.9422030E-02 -5.7076664E-04 -2.8535859E-05
   10 -2.3704570E+00  5.6697792E-02 -8.0792304E-03  3.8272994E-04
   11 -2.5156331E+00  6.0170189E-02 -8.5740343E-03  4.0616984E-04
   12 -2.6567804E+00  5.7667198E-02 -7.6626671E-03  3.3575031E-04
   13 -7.8327310E-01  1.7001467E-02 -2.2591107E-03  9.8986045E-05
   14 -8.7548287E-01  1.9002942E-02 -2.5250615E-03  1.1063904E-04
   15 -7.0004493E-01  1.5708149E-02 -2.0891814E-03  9.4140889E-05
   16 -7.8870016E-01  1.7442968E-02 -2.2681636E-03  9.7778926E-05
   17  3.9233600E-01 -7.3567091E-03  8.4772143E-04 -3.4305216E-05
   18  2.6937858E-01 -4.6305721E-03  5.0263937E-04 -1.9511772E-05
   19  4.5203052E-01 -7.7703278E-03  8.4345360E-04 -3.2741713E-05
   20 -9.7457077E-01  2.1557016E-02 -2.8035573E-03  1.2087796E-04
   21 -6.1236220E-01  1.3740656E-02 -1.8275052E-03  8.2349461E-05
 End of file
